	logFC	AveExpr	t	P.Value	adj.P.Val	B
MIMAT0005893	0.681050388715719	6.56406460272808	13.002502367803	8.71854427970277e-37	2.31913277840094e-34	72.6271268077335
MIMAT0005942	0.341835010430649	6.25603989142119	12.1755954358378	1.18088240192425e-32	1.57057359455925e-30	63.2046439585579
MIMAT0000076	2.40724738244277	14.9254812206655	10.9022548061479	9.92686013500753e-27	8.80181598637334e-25	49.7085361418652
MIMAT0000250	-1.27573519746592	7.03291562022824	-9.69287508719291	1.28573858966228e-21	7.02256445129296e-20	38.0834644791348
MIMAT0005938	1.5997588198924	11.8623791538976	9.69002633709352	1.32003091189717e-21	7.02256445129296e-20	38.0574993110366
MIMAT0002177	-1.82000007211599	7.51667910451561	-7.84292893437395	8.06968608797353e-15	3.57756083233493e-13	22.6778320860793
MIMAT0003233	-1.69839067570165	7.83319432511594	-7.79395898343618	1.17338391834655e-14	4.45885888971691e-13	22.3104863806592
MIMAT0005911	1.15713417665699	10.4349702372042	7.0609363290042	2.47474627514125e-12	8.22853136484466e-11	17.0679248073206
MIMAT0005954	1.36699320755393	14.4856881354165	7.00922008727956	3.54559228698703e-12	1.04791949815394e-10	16.716331002798
MIMAT0002820	-1.24513864004505	9.17150625740758	-6.755746314065	1.99549843824497e-11	5.30802584573162e-10	15.028257048717
MIMAT0005927	1.0220039673756	8.94758318928112	6.3844835641459	2.25893623003178e-10	5.46251851989503e-09	12.6618105990919
MIMAT0000437	-1.37948190202648	10.2874316645683	-6.04985418480704	1.80905658182348e-09	4.01007542304205e-08	10.6377579944017
MIMAT0007890	0.441907938811488	6.80684986045755	6.01051626492524	2.29494849251622e-09	4.69581768468704e-08	10.40663920898
MIMAT0004614	-0.926880982163502	8.42963711460541	-5.83977426167436	6.34074772728366e-09	1.2047420681839e-07	9.42019707895081
MIMAT0000731_MIMAT0000732	-0.658822666757963	6.91094956040422	-5.71107216632145	1.340323007007e-08	2.37683946575908e-07	8.69462855453305
MIMAT0000646	1.2951816856626	8.66709455645901	5.34740463800643	1.02377442092526e-07	1.70202497478824e-06	6.72842568424172
MIMAT0000617	1.22245172314496	8.96947616124768	5.27090859657525	1.54611015258316e-07	2.41920765051248e-06	6.33070207307696
MIMAT0001343_MIMAT0003393	0.99709321516857	9.74272236504013	5.24851719838718	1.74263091914819e-07	2.57522124718567e-06	6.21532938489977
MIMAT0000752	-0.195176467052931	6.31614100795815	-5.18810075999817	2.40115235790973e-07	3.36161330107363e-06	5.90639743768898
MIMAT0000261	1.40184830304184	9.41564627355757	5.16481304597028	2.71451048864437e-07	3.44334314282865e-06	5.78824129475939
MIMAT0000318	1.62926098342177	11.9156481872134	5.16453863531192	2.71842879696999e-07	3.44334314282865e-06	5.78685206468221
MIMAT0000691	0.826645093039	9.03993880694124	4.82602993692374	1.52819152014648e-06	1.84772247435893e-05	4.12756116159802
MIMAT0000432	1.35228001603536	10.998633789289	4.71492675206672	2.63210890120737e-06	3.04409116400504e-05	3.60674065191941
MIMAT0001536	1.19880368628892	9.35689619076645	4.59415459500757	4.69216389543247e-06	5.20048165077099e-05	3.05397347984993
MIMAT0004552	-0.285665632694873	6.63875918019619	-4.54517175615669	5.90930892984473e-06	6.28750470135479e-05	2.83376097257695
MIMAT0000095	1.42626621177129	9.73003339426743	4.5271172997263	6.43003366731545e-06	6.57841905963811e-05	2.75317324634443
MIMAT0000434	1.42314171113557	11.5599192960315	4.47918631918724	8.03430876882306e-06	7.91528197224791e-05	2.54074508296989
MIMAT0004599	-0.303373932107739	6.65009515916483	-4.42770273152569	1.01818848364202e-05	9.67279059459915e-05	2.31502715901235
MIMAT0004494	0.947691919761338	8.8941789669405	4.35314513905197	1.42867488893635e-05	0.000131043972571403	1.992658994655
MIMAT0000243	1.06702993041715	10.2321036516171	4.23301703815811	2.4392921126053e-05	0.000216283900651003	1.48450098500271
MIMAT0004597	-0.631408229156868	9.38305913333397	-4.21532242092841	2.63631192270061e-05	0.000226212571431729	1.41082437642721
MIMAT0000433	0.997006128679779	8.27830100834238	4.14277776808835	3.61396288344567e-05	0.000300410664686421	1.11191893444715
MIMAT0000097	-1.18950091038505	10.8783575029091	-4.11707964960039	4.03648871493973e-05	0.000325365453992112	1.0072525798915
MI0000063_MIMAT0000063	-0.694422422384832	15.5293851252363	-4.09448465847405	4.44637966472272e-05	0.000340568803486761	0.915751563687694
MI0000064_MIMAT0000064	-0.694648731247787	13.5626536414704	-4.0926590713311	4.48116846693106e-05	0.000340568803486761	0.908380157233434
MIMAT0000682	1.24269929806786	10.4963574708582	4.01058674755328	6.34128939776202e-05	0.000468550827723527	0.580311667099868
MIMAT0000736	-0.587360536425625	7.32068191061008	-4.00044509427827	6.61641604074304e-05	0.000475666666712878	0.540224209894401
MIMAT0005901	-0.50894857010219	7.18475937883214	-3.79623136522098	0.000152500288874158	0.0010675020221191	-0.245799694238902
MIMAT0000435	-0.764813396969305	8.54037762665586	-3.72793513404066	0.000199906438987695	0.00136346443001864	-0.499654863472352
MIMAT0004603	-0.441560419797817	7.07859561777273	-3.70443566597709	0.000219201773569322	0.00145769179423599	-0.585954902673108
MIMAT0002872	0.167486774031394	6.35216892927499	3.66049462910633	0.000260063024976475	0.0016872381620425	-0.745886066082258
MIMAT0003237	-0.557630760731538	7.51779934141069	-3.64930302206487	0.000271557916514274	0.0017198668045904	-0.786320163660737
MIMAT0005792	-0.618403215790481	10.6484960799054	-3.5442712863284	0.00040523466350844	0.00245939427503361	-1.15985446421112
MIMAT0000265	-0.438513572938453	6.57982679362797	-3.54031390876947	0.000411311165035025	0.00245939427503361	-1.17371867009899
MIMAT0000760	0.488801742064249	9.72634717742887	3.53598779215324	0.000418051267510766	0.00245939427503361	-1.18885727045391
MIMAT0006764	-0.553535008042569	11.2520473269699	-3.53140187462713	0.000425308784404309	0.00245939427503361	-1.20488511480858
MIMAT0004682	0.403327514574905	8.24704019714778	3.48270621823179	0.000509985348166428	0.00288630005558021	-1.3738140394848
MIMAT0002819	-0.676690505535912	10.3827625196775	-3.47430227294489	0.000526102660532324	0.00291548557711663	-1.40273429859773
MIMAT0004767	-0.271140741604967	6.77799059473659	-3.46327408881179	0.000547974151348217	0.00297471682160461	-1.44058089301483
MIMAT0002816	1.26185341249797	10.0451296933191	3.43810581174237	0.000601103217434516	0.00314622221131946	-1.526509724596
MIMAT0000074	0.568404355593653	10.1671182754503	3.43714521775081	0.000603223055553731	0.00314622221131946	-1.52977712792824
MIMAT0004694	0.766744266375377	8.79267006048888	3.42014726649087	0.000641905284667783	0.00328359241772366	-1.58744587856715
MIMAT0000728	1.3734703130648	9.04133112779657	3.34525160316034	0.000841461415329324	0.00422318370712453	-1.83818796837469
MIMAT0000680	0.482856102601586	11.6648093696172	3.3332578189755	0.000878320635446479	0.00432654238942154	-1.87783345882203
MIMAT0005793	-0.48628000862765	10.7647150754132	-3.30204513521751	0.000981382570416493	0.0047463229769234	-1.98034894469615
MIMAT0004557	0.208071872935354	6.5481635551957	3.22233272278529	0.00129758565687458	0.00616353187015425	-2.23784044863811
MIMAT0004601	-0.397370771900278	7.17350792022542	-3.21046873148816	0.0013519892766356	0.00630928329096614	-2.27563341967033
MIMAT0000753	0.85250910034723	10.3118010615516	3.20368689485691	0.00138402656478186	0.00634743217641336	-2.29717528993694
MIMAT0000447	-0.368674094905808	7.20281312588377	-3.13454724545723	0.00175305182252825	0.00778463650704846	-2.5142246318508
MIMAT0000759	0.425307335649571	9.08032694104696	3.13406235802444	0.00175593304670266	0.00778463650704846	-2.51573032346134
MIMAT0000098	-0.753564734094081	10.1868713572392	-3.12571331357005	0.00180623195137228	0.00787635572237748	-2.54162002536835
MIMAT0000765	-0.603701648920136	7.26570044891902	-3.06907774963353	0.00218396859604031	0.00936992978301166	-2.71544133042047
MIMAT0000449	0.69960494047169	9.11792193528796	2.98090832550467	0.00291815267860817	0.0123210890874567	-2.97979265924514
MIMAT0000436	-0.795989611023077	7.74148883042989	-2.93334376033998	0.00340195241826349	0.0141393647384076	-3.11923829173958
MIMAT0001631	-1.28998174915283	12.092034928533	-2.90778479246761	0.00369111259210676	0.0151051684538523	-3.19325351734211
MIMAT0003308	-0.675532946752895	10.0675873432584	-2.87859980655634	0.00404852654246011	0.0163167887923392	-3.2769855623538
MIMAT0004571	0.441029824097561	7.36055586811062	2.86898246065207	0.00417302095969152	0.0165675160489246	-3.30439475814734
MIMAT0000093	0.405543915550386	10.3025912387197	2.82803169899604	0.00474296617255216	0.0185533676749834	-3.42008720014713
MIMAT0000267	0.776846191263633	9.54433905149133	2.76679378961831	0.00572743417696382	0.0220796737836576	-3.59002192619303
MIMAT0005898	0.885873862549578	9.89895245082938	2.73341180139848	0.00633853733361803	0.0240864418677485	-3.68110528482187
MIMAT0004795	0.534643368836951	8.79199280335803	2.72711830382404	0.00646012180426558	0.024152289739863	-3.69815451984016
MIMAT0000424	0.410948789494737	7.78269033710522	2.72317027840066	0.00653746188447419	0.024152289739863	-3.70882994501031
MIMAT0000077	-0.457085604202495	13.792238789432	-2.71637554770088	0.00667252148647066	0.024313571443852	-3.72716696290953
MIMAT0000070	0.485990603408714	8.80970641251732	2.69859574673487	0.00703789163873535	0.0252909179497173	-3.77493476734825
MIMAT0002174	0.178779313598491	6.7580189362258	2.69420253136176	0.00713089791815336	0.0252909179497173	-3.78668984412975
MIMAT0000257	0.481805616382491	8.77442131791366	2.6746379027359	0.00755864108413384	0.0264552437944684	-3.83880915806725
MIMAT0000281	-0.740764306280417	7.31771812605145	-2.64316050609598	0.0082953096678618	0.0286565243071589	-3.92187355221814
MIMAT0000227	-0.417105707415797	7.85346290077302	-2.59970346549933	0.00941790275318618	0.0321174632352247	-4.03494880725652
MIMAT0000271	-0.577252935968285	10.8486434352814	-2.57962064384754	0.0099810826061842	0.0336071895347468	-4.08657647646422
MIMAT0004683	0.334489913246435	7.38694860249752	2.5714392809568	0.0102189895423817	0.033978140228419	-4.10749481353859
MIMAT0002809	0.614773671733767	9.24596576984793	2.53544031990273	0.011326911064961	0.037197016583699	-4.19875507712108
MIMAT0003322	-0.338397056835132	7.52636043303402	-2.49342529861544	0.0127539722111145	0.0413726415628835	-4.30365263293584
MIMAT0000423	-0.586866409284418	12.9477489402412	-2.46886738696636	0.0136599233205988	0.043777585581678	-4.36416032871349
MIMAT0000733	-0.348740452986315	7.30904600741099	-2.46424336004346	0.0138367325859392	0.0438163198554743	-4.37548688863188
MIMAT0000418	-0.413117088827517	10.1739787814216	-2.45516448922603	0.0141897756109641	0.0444056507354877	-4.39766429745783
MIMAT0004780	0.194259020668824	6.95052906864633	2.43603121871352	0.0149599479755952	0.0462714669942827	-4.44413609834266
MIMAT0000088	-0.66740656902984	9.2067756333507	-2.38894650785425	0.0170142149524762	0.0513962699768322	-4.55696096404175
MIMAT0004955	0.317317153607802	7.4168399789447	2.38417276073797	0.0172357208400342	0.0513962699768322	-4.56827782203177
MIMAT0000461	-0.70854988087167	10.4303946556959	-2.38354864069606	0.0172648668804633	0.0513962699768322	-4.56975572775837
MIMAT0000086	-0.344477168659633	13.4463282436253	-2.37855296537183	0.0174997254676327	0.0513962699768322	-4.58157155948345
MIMAT0000688	0.522491884826485	8.95252418760201	2.37267564319509	0.017779617977896	0.0513962699768322	-4.59544116189905
MIMAT0000510	-0.360511358005094	9.2488714676048	-2.36980485267778	0.0179177538441266	0.0513962699768322	-4.6022034144694
MIMAT0004761	-0.441866220122879	7.70573379863177	-2.36873707255313	0.0179693725858849	0.0513962699768322	-4.60471653590233
MIMAT0000092	-0.435186020214839	8.91761951447317	-2.3506774860776	0.0188623743297005	0.0532029942759697	-4.64705112322593
MIMAT0000459	-0.346564661259101	8.02627063254423	-2.34794007284137	0.0190010693842749	0.0532029942759697	-4.6534399840526
MIMAT0005865	-0.726949212318001	11.2997920564771	-2.2744635318277	0.0230725014407109	0.0639300560753031	-4.8221645389561
MIMAT0003885	0.416081940147983	7.37406850079631	2.22981666820815	0.0259005226331091	0.0710261754681137	-4.92208464370705
MIMAT0000073	0.433049598252576	9.29081858754097	2.21721238890633	0.0267513167938791	0.0726107170119576	-4.94993688109727
MIMAT0000425	-0.432691813787462	10.5570734516748	-2.20735365820194	0.0274335212063752	0.0737102690999577	-4.97161280308598
MIMAT0002173	-0.163215336937115	6.38252241797201	-2.19532375392419	0.0282862721903603	0.0752414840263585	-4.99793234304734
MIMAT0000222	0.443342829272171	8.04023940008042	2.18783922874903	0.0288282768628345	0.0759239766882572	-5.01423517296305
MIMAT0000101	0.290625782277155	12.419752889664	2.16642251169745	0.0304289202021722	0.0791470434898523	-5.06057943788989
MIMAT0000710	-0.451951003406911	9.4157620227778	-2.16357792785201	0.0306471634565969	0.0791470434898523	-5.06670082515661
MIMAT0000431	-0.364904763366852	9.98079926611106	-2.13090555610681	0.0332518895666849	0.0850481021609441	-5.13643664258087
MIMAT0004558	0.163829387193793	6.73352352389779	2.10855351290789	0.0351411631820805	0.088181929059606	-5.18353703261642
MIMAT0000252	0.585072463900594	7.79067575479418	2.10576914043291	0.0353828118492549	0.088181929059606	-5.18936969289495
MIMAT0004673	-0.414424351415955	8.66544686550759	-2.10341050807097	0.0355886206197431	0.088181929059606	-5.19430452385022
MIMAT0000720	-0.407301027748258	8.2258267336999	-2.09742253771883	0.0361157139444061	0.088181929059606	-5.20680810692383
MIMAT0001618	-0.0935817072090277	6.45051875184377	-2.09555291953946	0.036281646483171	0.088181929059606	-5.21070482718765
MIMAT0000445	-0.533065358992204	9.43987586457774	-2.09348191571656	0.0364662112652506	0.088181929059606	-5.21501724812043
MIMAT0001412	0.300343505911176	7.13683013014711	2.08591364522287	0.0371475098435764	0.0890201587242462	-5.23074048561385
MIMAT0003221	-0.151354345737414	6.61469699109941	-2.04597571680428	0.0409250251043933	0.09647729942779	-5.31277437237072
MIMAT0000452	-0.201896062337264	6.87093642196019	-2.04537019507467	0.0409847174260912	0.09647729942779	-5.31400599649499
MIMAT0001080	-0.36515839080132	7.75491457472612	-2.03001244967027	0.0425235543453972	0.0992216268059268	-5.34512223681221
MIMAT0000254	-0.614337668488627	10.0067458259698	-2.01577064721605	0.0439940093290091	0.101760056361012	-5.37376899319749
MIMAT0002821	0.256299399625124	7.32829702640851	2.00502421236581	0.045131813343459	0.103491916804828	-5.3952521543314
MIMAT0000072	0.332223006185748	7.29348002878611	1.98486526818433	0.047333221679585	0.107612281767262	-5.43524364795273
MIMAT0000278	0.342643104742278	7.9340789626865	1.96371251899831	0.049739641522061	0.112124954617527	-5.47677434238486
MIMAT0000703	-0.22111586039389	9.99961285661738	-1.95320567332578	0.0509726128595139	0.113938781685972	-5.49723859042095
MIMAT0000226	0.855443873687256	9.02349638019902	1.94741923403042	0.0516625195973245	0.114518585107403	-5.50846222066489
MIMAT0000687	-0.130458350896396	6.50353503252879	-1.93675779829007	0.052954147539419	0.115861061361159	-5.5290548275076
MIMAT0000245	-0.394366775572329	10.1732007340677	-1.93524751206366	0.0531392837821859	0.115861061361159	-5.53196285406126
MIMAT0000729	-0.365590954228579	8.08501339728977	-1.92694686015962	0.05416649503942	0.117140550247851	-5.54790529213984
MIMAT0000280	0.53831147579986	10.157099845418	1.89930627901884	0.0577073126058497	0.123791493170613	-5.6005007648156
MIMAT0000081	0.265137638205761	8.72888990752727	1.89183061636789	0.0586973900647618	0.124908046057813	-5.61459576950254
MIMAT0004784	0.404501330325587	8.45669540356226	1.88246799227315	0.0599572513177506	0.126576419448585	-5.63217050205286
MIMAT0000455	0.24547460068459	9.05166741323934	1.86882440838137	0.061833290071019	0.1295090957393	-5.65762568628858
MIMAT0000084	-0.293377630126374	13.0427602724224	-1.85386420343702	0.0639459990086325	0.132887779189814	-5.6853254405196
MIMAT0000451	0.657513065385559	10.6639116382438	1.84820229193523	0.0647609956335807	0.133538177042887	-5.69575100477704
MIMAT0004484	-0.0498062931284977	6.24754947099039	-1.83646909217176	0.0664772377105965	0.13602265562322	-5.717254863294
MIMAT0000087	-0.586975445652877	10.5765517873591	-1.80115953433636	0.0718695140941682	0.145465506200677	-5.78114525963503
MIMAT0000089	0.31899521820278	7.06823885933918	1.79915628128812	0.0721858902950726	0.145465506200677	-5.78473299286502
MIMAT0002876	0.172872302413354	7.16818269478042	1.79411062798898	0.0729878177258584	0.145975635451717	-5.79375190438476
MIMAT0000094	0.264312856405675	6.96204448267104	1.77915726183157	0.0754073650427187	0.149503456905324	-5.82033231583595
MIMAT0000762	-0.23260042151716	8.99764544798564	-1.77630758223442	0.0758758145948073	0.149503456905324	-5.82537263898094
MIMAT0000685	0.268133214746064	8.24997394354064	1.73714309676381	0.0825579896531546	0.160506184021121	-5.89382882664937
MIMAT0004605	-0.10336545602757	6.44069923163558	-1.73652748168543	0.0826667188379457	0.160506184021121	-5.89489273363037
MIMAT0002874	0.231334890326581	7.0998822749882	1.7197935692083	0.0856670081072156	0.164491704901336	-5.92366841777025
MIMAT0003294	0.321271054136526	7.53656290685048	1.71820586621919	0.0859561916589687	0.164491704901336	-5.92638421862022
MIMAT0003150	0.188903847024224	6.89485328340271	1.66738113361876	0.095638034632876	0.181712265802464	-6.01200053365898
MIMAT0002813	0.143631697323135	6.51788419287145	1.66168835370528	0.0967748739141898	0.182568201852301	-6.02143073943472
MIMAT0004674	0.076883558725128	6.57378091027952	1.65293576851795	0.0985438278246195	0.184596184516541	-6.03586688303507
MIMAT0000727	0.349762245137573	7.93315477563058	1.62391419126518	0.104594817423409	0.194560989053335	-6.08319021600964
MIMAT0000446	-0.293174798307189	7.99986251706423	-1.6080316062483	0.108029275158364	0.199554077723089	-6.10873506282689
MI0000433_MIMAT0000414	0.433478549617707	10.7773335617655	1.58916625539767	0.112224159310049	0.204600071711246	-6.13875210641784
MIMAT0004945	0.129265304339212	6.59596031845468	1.58883350392273	0.112299287480609	0.204600071711246	-6.13927838520986
MIMAT0001341	0.439000093202403	8.84658888484051	1.56930111271665	0.116779256064793	0.211314844307721	-6.16997827146105
MIMAT0005796	-0.116062912015655	6.75630339641632	-1.54937315130852	0.121493542178335	0.217474828149436	-6.20090975601499
MIMAT0002871	0.12019629934954	7.16347885545163	1.54802153798729	0.121818606745361	0.217474828149436	-6.20299341229791
MIMAT0001413	0.342169008003295	9.16523869149503	1.52776433713099	0.126772446166114	0.22480430666232	-6.23400484382701
MIMAT0003888	0.0843929040990146	6.87296281791172	1.52328504245192	0.127888751358127	0.22480430666232	-6.24080714225571
MIMAT0003338	0.271772042920594	8.52811902007619	1.5210061882126	0.12845960380704	0.22480430666232	-6.24426018862381
MIMAT0004568	0.173062458369943	6.78143467946674	1.51009933248702	0.131219258691782	0.228132828836694	-6.26071548970562
MIMAT0000082	-0.249551073441075	10.820891049991	-1.49324527808592	0.135573877092026	0.234173060431681	-6.28591118597909
MIMAT0000244	-0.2769458439614	9.9203178623211	-1.48457800932798	0.137856338282467	0.236579264407331	-6.29875838890156
MIMAT0004689	-0.0647002110643351	6.31325377175824	-1.38731480234601	0.165542641422306	0.281483176956124	-6.43781335520376
MIMAT0000069	0.446118145196516	12.7495399416753	1.38536192921305	0.166138566850043	0.281483176956124	-6.44050912268055
MIMAT0000100	0.329742096392108	9.30097322277253	1.3669610343048	0.171833170777534	0.289288755865975	-6.46572390776558
MIMAT0000255	0.204203186486811	12.6594595830052	1.35511363586719	0.175576247109371	0.293731331642093	-6.48178042878818
MIMAT0004606	-0.123693974345064	6.69252735807656	-1.34120611841838	0.180047484381958	0.299328942785005	-6.50045106425803
MIMAT0003945	0.142187821914686	6.75806744813808	1.31996316034738	0.187039696038768	0.309022106498834	-6.52859848607391
MIMAT0000687_MIMAT0002890	-0.17031162751617	6.85771147569811	-1.31522542067005	0.188626163689339	0.309719503341754	-6.5348149524705
MIMAT0003228	0.0464853323447114	6.31452467982356	1.29567761000995	0.195276994935998	0.318672887441568	-6.56022809482923
MIMAT0003326	0.277487566522247	7.98269033138259	1.27618277541235	0.202079629041295	0.3277633007621	-6.58519418151783
MIMAT0002805	-0.172075090780392	6.5637644170036	-1.27054509197783	0.204078730725032	0.327933557329882	-6.59234368198324
MIMAT0005949	0.0703576654468456	6.5546276306864	1.26894070313962	0.204650265100603	0.327933557329882	-6.59437253435852
MIMAT0004600	-0.192108589235564	6.58975661853966	-1.26367250621441	0.206535157754561	0.328876789941153	-6.60101651427402
MIMAT0003299	0.162802339178054	6.78276785759211	1.25878474141151	0.208295190916008	0.328876789941153	-6.60715604413486
MIMAT0004504	0.219010959180434	6.83171310244066	1.25589180390373	0.209342021193002	0.328876789941153	-6.61077868184415
MIMAT0000730	-0.240459213382691	8.06093553923054	-1.25249148464456	0.210577321082392	0.328876789941153	-6.61502604607615
MIMAT0004695	-0.135494266377869	6.8523169396759	-1.25017801142052	0.211420793533598	0.328876789941153	-6.61790925341259
MIMAT0003258	0.276361188216248	8.59476403938184	1.21456172346818	0.224715897927205	0.347525749119981	-6.66162527098784
MIMAT0004982	-0.181032025033582	7.5263981252717	-1.1869366055664	0.235432150974781	0.361993943117294	-6.69466440622465
MIMAT0000460	0.128197922887145	7.26582987609062	1.15915652481384	0.246568617858569	0.376938231898732	-6.72712371230217
MIMAT0000083	0.419937944007756	9.95638391598913	1.15514107623473	0.248208396375095	0.377028373824257	-6.73175203977917
MIMAT0004774	0.0760425016932746	6.67168164903091	1.15208286557524	0.249462382680711	0.377028373824257	-6.7352662700911
MIMAT0003239	0.167868719887469	7.85858645327267	1.14727365254738	0.251443300869569	0.377875243114719	-6.74077378795239
MIMAT0000096	0.282206325539327	8.44689933564085	1.10994732347385	0.267191661976857	0.399286416212607	-6.78273791184212
MIMAT0005593	-0.051035646351246	6.51671790252733	-1.10443316076404	0.269574478943956	0.400596711726773	-6.78881973800228
MIMAT0004814	-0.1339743717309	6.98972564363538	-1.0880621456196	0.276734636359885	0.408952295954052	-6.80669791093762
MIMAT0000075	0.267777661714131	11.2198998018467	1.02911380020767	0.303584682609156	0.446152074994671	-6.86886488216708
MIMAT0000104	0.151627086104449	10.0310490902661	0.994710807533056	0.320030183138719	0.467736421510436	-6.90354872422582
MIMAT0000080	-0.117648809991397	11.9146872837685	-0.98208177726214	0.32621084125316	0.474164392204047	-6.91598534329246
MIMAT0000253	-0.332083751188769	8.7071737236902	-0.971171417114355	0.33161248578668	0.479396310974222	-6.92660169440015
MIMAT0000420	0.179154081725207	9.43390473446818	0.964498154120362	0.334944735481308	0.481596214259611	-6.9330367433476
MIMAT0002888	0.118616259286515	8.01355648462626	0.960473108777794	0.336965019233813	0.48189621030212	-6.93689668095695
MIMAT0000457	0.113994824970352	7.15729279758722	0.936484730142448	0.349167665838228	0.496677000604111	-6.95956666517525
MIMAT0002171	-0.0919812781438063	6.76258028315551	-0.923936195476068	0.355661482468649	0.500906036619861	-6.97119738047306
MIMAT0004493	0.114716954179412	7.0706863994395	0.923464769012938	0.355906920756217	0.500906036619861	-6.97163127150858
MIMAT0000426	-0.100079300747018	7.46928561995217	-0.914507252550816	0.360590763970508	0.504827069558711	-6.97983354921669
MIMAT0005948	0.0997812108191569	6.96379360195748	0.906530362705231	0.364794277882134	0.508038104275643	-6.98707065246478
MIMAT0000275	-0.157043257327262	7.50406529385891	-0.883390137812262	0.37716073432949	0.522524767352315	-7.0077064536636
MIMAT0000067	0.302718166580208	10.9548350627424	0.87777090485969	0.380202329642741	0.52400942841953	-7.0126370930789
MIMAT0001627	0.0200414922477457	6.20700527161862	0.864733941049985	0.38731690904855	0.53106339075729	-7.02395541689572
MIMAT0000078	-0.140918703089886	13.2723339433841	-0.854679264017023	0.392859101639232	0.531565238208169	-7.03256903460754
MIMAT0000263	-0.244835078194708	8.51088273592194	-0.852053657673113	0.394314233688991	0.531565238208169	-7.03480176050045
MIMAT0005939	0.0361151317143706	6.41978398652062	0.850012708838618	0.395447595652791	0.531565238208169	-7.0365325726732
MIMAT0000689	-0.15143191198021	8.24728491770226	-0.8496011448157	0.395676380320367	0.531565238208169	-7.03688109417659
MIMAT0003330	-0.0262868832697123	6.28565226598179	-0.841531470438977	0.400178392174784	0.534911820695943	-7.04368060358321
MIMAT0004589	-0.0649952863419747	6.90702455941092	-0.835907895460385	0.403333889480648	0.535038689133968	-7.04838069630214
MIMAT0003329	-0.0454456350443824	6.34046182848344	-0.834198252849494	0.404296152315517	0.535038689133968	-7.04980334679248
MIMAT0000755	-0.0268139965766183	6.23930295518427	-0.825115330244717	0.409431438044322	0.539152289701929	-7.05731274921323
MIMAT0002175	-0.0326205865164173	6.28786054636817	-0.820399717218196	0.412112788425215	0.540009860695109	-7.06117903969738
MIMAT0005929	-0.163067082598638	8.20297110052521	-0.796701228908094	0.425745001522923	0.555138090221066	-7.08027399437937
MIMAT0004911	0.0587411402303344	7.29964741561146	0.744862540473583	0.456466280187026	0.592292831852434	-7.12009321543341
MIMAT0004951	0.0891202492088485	6.69668268926159	0.730082222768921	0.465448822010249	0.598810684926907	-7.13095624339828
MIMAT0004550	-0.109255245897417	7.21551824142419	-0.729193948120077	0.465991773608533	0.598810684926907	-7.1316021642947
MIMAT0003886	-0.0733679692336411	7.65754166830406	-0.6827989064005	0.494834634342625	0.632817368918934	-7.16424650590304
MIMAT0004514	0.0603765309583464	6.86997357721552	0.634876461664264	0.52560147674153	0.668947334034675	-7.19571450209831
MIMAT0000256	0.122039763625349	9.28289019732451	0.625137959527066	0.531971343537765	0.673830368481169	-7.20182954967347
MIMAT0000419	-0.110426365128587	9.94515820837328	-0.609930642049523	0.541995999436486	0.68327457748865	-7.21118964265493
MIMAT0003389	0.0900153855933867	7.18703921192	0.600616104173316	0.548182380975111	0.687813742166885	-7.21680895946494
MIMAT0000737	0.0528070937525706	6.71696377082731	0.589212443603247	0.555803522148356	0.694102051133628	-7.2235709219065
MIMAT0000705	0.0767060377269191	7.92938537553559	0.575226407692197	0.565220593079673	0.702563914762584	-7.23168724928067
MIMAT0002817	-0.0405260963523482	6.49618813288825	-0.53500714459936	0.592720664030789	0.733319519219487	-7.25394109859081
MIMAT0004762	-0.0296677888139536	6.25236606209311	-0.527512105611177	0.597912531892489	0.736318210571306	-7.25791004002582
MIMAT0000456	0.0583304186596871	8.11557049030037	0.511832270282576	0.608840370357051	0.746320453986062	-7.2660321398215
MIMAT0003180	-0.0512660049180589	6.82337876593274	-0.487150718306973	0.626219518054651	0.764102714690537	-7.27832077338283
MIMAT0004775	0.0405205959497854	7.30916932822933	0.481675390702772	0.630103677699433	0.765331407616663	-7.28096460101751
MIMAT0003163	-0.0309735690942796	6.51874720283274	-0.46738012711728	0.64029278457684	0.774172184988361	-7.28772642091677
MIMAT0000099	-0.081353516013329	8.86247154118912	-0.460724709564934	0.645059920492573	0.776406963126807	-7.29080503248269
MIMAT0000443	0.0822819204308711	9.47151980360219	0.44965185565047	0.653023547862659	0.782451638430033	-7.29582921547376
MIMAT0000085	0.0709725303400877	8.03986372000241	0.431250226901475	0.666345629324902	0.794833800001901	-7.30390848987786
MIMAT0004697	-0.0777413108667622	8.75812908309211	-0.424591905568436	0.671192358860394	0.797040926146718	-7.30674869633827
MIMAT0003340	0.060655842980311	7.40885926561173	0.402403479509655	0.687441877515729	0.812709064085262	-7.31589455356806
MIMAT0004587	0.0229931193885671	6.48870046490242	0.392404314896126	0.694812751216476	0.816896383685685	-7.31985573121793
MIMAT0000416	0.0534381413438174	6.59210603089501	0.389274523027526	0.697125861265603	0.816896383685685	-7.32107512433525
MIMAT0000442	-0.0807816070360214	6.8438542691461	-0.373432790373038	0.708876763590632	0.827022890855737	-7.32709742638352
MIMAT0004748	0.0301644261991152	7.45312465479535	0.340197707888825	0.733753143953946	0.85230714537882	-7.33891904854619
MIMAT0000693	-0.0540155600021786	8.37835571742237	-0.330486965935644	0.741076125907286	0.856638541470955	-7.34216529809719
MIMAT0000707	0.0866686320315573	7.81692467209884	0.32527920049564	0.745013103243204	0.856638541470955	-7.34386750718849
MIMAT0001638	0.0204435725249876	6.44077452522051	0.322464979615649	0.747143389553615	0.856638541470955	-7.34477611174861
MIMAT0003879	0.0244068649993894	6.61313603053703	0.2772708874526	0.781608606409643	0.88667634265559	-7.35828622269618
MI0000065_MIMAT0000065	0.0607105456097372	9.75101865210168	0.272066047869906	0.785607000431192	0.88667634265559	-7.35971139552429
MIMAT0000258	0.0438951513012142	7.76479812464308	0.269188696692632	0.787819841441277	0.88667634265559	-7.36048767228353
MIMAT0004595	0.0290106991863572	6.94956174906454	0.266091054382592	0.790204015625219	0.88667634265559	-7.36131415642781
MIMAT0000770	-0.0285304615909077	6.50817489167488	-0.265327328944352	0.790792138208612	0.88667634265559	-7.36151645674346
MIMAT0000450	0.0601456324153506	7.68987119339658	0.262017920285548	0.793341990797107	0.88667634265559	-7.36238635501023
MIMAT0004602	-0.036645082691364	7.2587906258559	-0.251146770747765	0.801733494847297	0.892305898030883	-7.36516706874149
MIMAT0000269	-0.0148730661775387	6.48241034204348	-0.246069133152925	0.805660874794438	0.892940802897169	-7.36642550691037
MI0000066_MIMAT0000066	-0.0605682907755121	11.8773025483184	-0.231168599504027	0.817213938418713	0.898344029970953	-7.36997007320447
MIMAT0001639	0.0223087587510946	6.92754128153298	0.231070115043355	0.817290433281844	0.898344029970953	-7.36999276461685
MI0000434_MIMAT0000415	-0.0345545912621859	12.9234947809166	-0.222003918176361	0.824339700228394	0.902363622472234	-7.37204025746955
MIMAT0000266	0.0916574823748739	9.93630069048926	0.211951339098742	0.83217250281527	0.904908205817123	-7.37421471887866
MIMAT0000757	-0.0340999160016393	9.26215305974475	-0.210290687256333	0.833468084305245	0.904908205817123	-7.37456423724681
MIMAT0000756	0.0145309710735972	6.56033628545953	0.198907860636819	0.84236056961302	0.908199637474172	-7.37688598430245
MIMAT0004954	-0.00820905223150969	6.29601619740419	-0.197670781482947	0.843328234797446	0.908199637474172	-7.37713052898486
MIMAT0000231	-0.0400971674170174	8.62160002228369	-0.180471105460465	0.856806023006436	0.918993556934323	-7.38037248738329
MIMAT0000417	-0.0224260768534972	12.6383355351014	-0.145033998032278	0.884702641056366	0.944813443688993	-7.38612226376944
MIMAT0002176	0.0050282573721212	6.27409966786414	0.140880317817836	0.887982559858076	0.944813443688993	-7.38671424183106
MIMAT0000681	0.0274559861205157	12.7227283710769	0.129361387746868	0.897088265475757	0.950699117994229	-7.38826592041182
MIMAT0000062	0.0355232746892504	13.3802757394011	0.120364622027776	0.904209712667799	0.954443585593788	-7.38938584346177
MIMAT0000686	0.0158784627793693	7.1890411147208	0.100161307425211	0.920229048908929	0.967513545493183	-7.39160670361529
MIMAT0000232	-0.0309965522496416	12.5696546883844	-0.0917386496088542	0.926917389715229	0.969068543375198	-7.39241238587609
MIMAT0004610	0.00967419248849311	7.21080010027664	0.0891245643447392	0.928994280303291	0.969068543375198	-7.3926480589952
MIMAT0000068	-0.0161766380330608	11.6985415234337	-0.0814115225450108	0.93512506035961	0.971653383029907	-7.39330372442133
MIMAT0004776	-0.00627800766349118	6.69681159843376	-0.0740605661112055	0.94097162515445	0.972236807114342	-7.39387341223331
MIMAT0000438	-0.00990788893420724	7.96362403296252	-0.0651748080600579	0.948043114365157	0.972236807114342	-7.39449012799285
MIMAT0000692	-0.00905327092640729	8.51052583524318	-0.0621046151069961	0.950487425092965	0.972236807114342	-7.3946849172814
MIMAT0003240	-0.0127896227965492	7.76776308959641	-0.0608158842352699	0.951513578658354	0.972236807114342	-7.39476388104277
MIMAT0003266	-0.00576279233511379	6.5634363441562	-0.0577417556587562	0.953961679161065	0.972236807114342	-7.39494555510415
MIMAT0004594	-0.00420737517831338	6.72786935060843	-0.0482289772151688	0.961539889440353	0.972793844985294	-7.39544805371048
MIMAT0000279	-0.0111279575635477	8.02916997750163	-0.0466239710098743	0.962818855021274	0.972793844985294	-7.39552394103692
MIMAT0000761	0.00497581071646191	8.19673493527751	0.0415475332938638	0.96686468112292	0.972793844985294	-7.39574705620623
MIMAT0000763	-0.0110570100629337	8.62724536086884	-0.0386971991335637	0.969136725267304	0.972793844985294	-7.39586106915829
MIMAT0002814	0.0016693204842273	6.57365463747708	0.0228324836871028	0.981786797338954	0.981786797338954	-7.39634765448734
