	logFC	AveExpr	t	P.Value	adj.P.Val	B
MIMAT0005893	-0.544377527674617	6.61499108995754	-10.3941399603998	2.13287837540614e-24	4.58366024315038e-22	44.5002136198475
MIMAT0005942	-0.307969708125653	6.29618883638275	-10.3446313558941	3.44636108507548e-24	4.58366024315038e-22	44.0270308278851
MIMAT0005938	-0.738624432339698	12.1663553837196	-4.82832771944966	1.53371768553464e-06	0.000135989634784071	4.28143026803716
MIMAT0000417	0.578364943907243	12.8836422354611	4.14028942970819	3.68365092092139e-05	0.00244962786241272	1.25543653237488
MIMAT0000250	-0.43940851304346	6.91016090289737	-4.03677295578186	5.72352799760635e-05	0.00304491689472658	0.839281538775453
MIMAT0000080	0.41857624742946	12.0984862147004	3.6124806520698	0.000314406725207497	0.0130425168116131	-0.758754806736478
MIMAT0000088	-0.933850583177026	9.32310462928605	-3.57022743335562	0.000369183649017716	0.0130425168116131	-0.90838463856571
MIMAT0000267	0.985220126604692	9.87257952315871	3.54162138782559	0.000411207874092263	0.0130425168116131	-1.0087056027927
MIMAT0005954	-0.641195389796115	14.7917669492682	-3.52277919052839	0.000441288162798938	0.0130425168116131	-1.0743521858057
MIMAT0000436	-0.912316233410192	7.687959053035	-3.44639056531674	0.000585570211895593	0.0155761676364228	-1.33696844586685
MIMAT0004550	-0.492149956085609	7.30007197574826	-3.34875530085655	0.000834124913370388	0.0201706569960476	-1.66439130954197
MIMAT0000099	-0.546559625885641	9.01401990519664	-3.16669213156475	0.00157632976917828	0.0315724782972404	-2.25021436079003
MIMAT0007890	-0.229071798455686	6.87149294939674	-3.16044094782474	0.00161029198870008	0.0315724782972404	-2.26975622422148
MIMAT0000278	-0.561285982625214	8.05529810173907	-3.15120433769599	0.00166170938406528	0.0315724782972404	-2.29856120827105
MIMAT0000244	-0.536352520238006	10.0860392016305	-3.04038149012921	0.00240826431390447	0.0427065538332393	-2.63768881056473
MIMAT0005911	-0.474598161171665	10.7293819593941	-2.97964380668998	0.00293741141533442	0.0488344647799347	-2.8184717061367
MIMAT0000265	-0.303727064435454	6.55575457318772	-2.95853977233369	0.00314482309424712	0.0492072319452785	-2.88044416770733
MIMAT0002819	0.515787844049831	10.5456369924483	2.88947561267908	0.00392047960428075	0.0579359763743711	-3.0802121518768
MIMAT0003326	0.592015256724189	8.12255798718432	2.86717419457316	0.00420585315885433	0.0588819442239606	-3.14372366348137
MIMAT0001631	-1.24918003798396	11.938828044909	-2.79764982457235	0.00522069173605928	0.068418322782666	-3.33859930640849
MIMAT0002177	-0.561946184835366	7.23591739183023	-2.78657206737595	0.00540144653547363	0.068418322782666	-3.3692134292735
MIMAT0000693	-0.439429014688786	8.52559007944475	-2.7647910516172	0.00577342955333526	0.0698060118721445	-3.42905658063021
MIMAT0004600	-0.380381756547612	6.59380712528778	-2.66571594210091	0.00777410980610425	0.0859821050006793	-3.69540343108695
MIMAT0000087	-0.860762561252408	10.727912103996	-2.66136197714666	0.00787482699168997	0.0859821050006793	-3.70688779224851
MIMAT0000261	0.721439187239056	9.83068628945581	2.65260170535808	0.00808102490607888	0.0859821050006793	-3.72993828649928
MIMAT0001627	-0.0565534035521607	6.24255516605699	-2.63907224451882	0.00840899539438654	0.08603049134257	-3.76538995230646
MIMAT0000281	0.678246665271592	7.29953401285789	2.58333808900948	0.00988927017229948	0.0941933992993509	-3.90953968004393
MIMAT0000226	1.19970347620859	9.34131916253047	2.58243375330529	0.00991509466308957	0.0941933992993509	-3.91185352298398
MIMAT0003239	-0.383699287940583	7.94488650058659	-2.56463667535094	0.0104357006283376	0.0957205643840621	-3.95722608250471
MIMAT0004674	-0.117773049933481	6.63812193924246	-2.51239723718257	0.0121072066298356	0.103161621149486	-4.08861248874026
MIMAT0001343_MIMAT0003393	0.448752912972613	10.0901225418117	2.50477096072461	0.0123701342174899	0.103161621149486	-4.10756915245075
MIMAT0000104	0.379727218764533	10.2171805277862	2.49818902205029	0.0126011143694235	0.103161621149486	-4.12388399986202
MIMAT0000093	0.318925183640184	10.5918836491751	2.49265565252457	0.012798246232831	0.103161621149486	-4.13756682024822
MIMAT0002872	-0.11740900123009	6.40112892290352	-2.46995959930272	0.0136356935892901	0.106679249845622	-4.19337468597798
MIMAT0000089	-0.418234984373768	7.15011126720859	-2.40278558561168	0.0164049737846254	0.124677800763153	-4.35558567505653
MIMAT0000255	0.343451070012565	12.9468738872592	2.35855394757396	0.0184881297658605	0.136606736603303	-4.45997450591823
MIMAT0000691	0.351657230534268	9.32226832313944	2.29624776339001	0.0218142724892451	0.152008147134468	-4.60375659755177
MIMAT0004605	-0.132787172623253	6.4672547982598	-2.29129492356038	0.0220997656900499	0.152008147134468	-4.61502227247522
MIMAT0000681	-0.407974556524318	13.0318827813729	-2.2880784441476	0.0222869087903919	0.152008147134468	-4.62232551418196
MIMAT0003308	-0.531952704341508	10.0100865528207	-2.27405726256442	0.0231189014859907	0.153740694881838	-4.6540426769063
MIMAT0004603	-0.240566011207597	7.06868545616228	-2.25525069038781	0.0242771670726913	0.157505522959412	-4.69628103525997
MIMAT0000256	0.447537300593979	9.43566796289341	2.21054780697791	0.0272343010280286	0.172483906510848	-4.79528351355557
MIMAT0000257	0.40384619511779	8.98237855680247	2.16484923782506	0.0305739571203982	0.188306550021393	-4.89445705904767
MIMAT0000437	-0.4681095567322	10.2468529385222	-2.13602912989194	0.0328564500720072	0.188306550021393	-4.95594369177098
MIMAT0004610	0.221845114040334	7.27465672096321	2.12616079928581	0.0336708668597665	0.188306550021393	-4.97680930636784
MIMAT0000074	-0.332212204485256	10.4264752278504	-2.12384331504919	0.0338646117857931	0.188306550021393	-4.98169548336508
MIMAT0005939	-0.0877124019535724	6.45055158463333	-2.11622103249477	0.0345085901628653	0.188306550021393	-4.99772894662697
MIMAT0000736	-0.278350467430179	7.31038212491487	-2.10526061704354	0.0354529361835408	0.188306550021393	-5.02068379529272
MIMAT0004504	-0.36126051246338	6.90521863363389	-2.09435114689965	0.0364147260820415	0.188306550021393	-5.0434143561066
MIMAT0003237	-0.302485438518529	7.49257221025093	-2.08383678865191	0.037362659859391	0.188306550021393	-5.06521064478586
MIMAT0000425	-0.397683393988874	10.6717508681865	-2.05965300483814	0.0396230536996436	0.188306550021393	-5.11493000844168
MIMAT0002820	-0.348952846158996	9.13185068222618	-2.05260550337714	0.0403032381716695	0.188306550021393	-5.1293104240079
MIMAT0004601	-0.233372374069449	7.1998748717645	-2.05196099502987	0.0403659342246293	0.188306550021393	-5.13062309773572
MIMAT0000445	-0.515147720004677	9.45394740919696	-2.04364007802998	0.0411828333435099	0.188306550021393	-5.14753356886045
MIMAT0003228	-0.0737286339520731	6.34842466202161	-2.04074105159618	0.0414707167197456	0.188306550021393	-5.15340917540214
MIMAT0003150	-0.235998873704565	6.99204438497686	-2.03998359563743	0.0415462152200072	0.188306550021393	-5.1549429846545
MIMAT0004814	-0.233046768130132	7.02728228537154	-2.03886685271253	0.0416577377051957	0.188306550021393	-5.15720329930377
MIMAT0005796	-0.148184708124272	6.80068682718745	-2.03215006231229	0.042333869315722	0.188306550021393	-5.1707722964724
MIMAT0000275	-0.331577115957318	7.57152908555936	-2.03114578720671	0.0424357568992146	0.188306550021393	-5.17279726955726
MIMAT0000081	0.275143798342226	8.84541753573788	2.03075793387236	0.0424751616589609	0.188306550021393	-5.17357905247982
MIMAT0000686	-0.309546019063908	7.27885712844863	-2.0074300528869	0.0449028405044774	0.195805829085098	-5.22032740221838
MIMAT0000076	0.422793704422217	15.5183476761163	1.99994569279314	0.0457061279940201	0.196094033006602	-5.23521207245438
MIMAT0004597	-0.290161713065618	9.4434936149892	-1.98985500798622	0.0468083080830822	0.196733500286014	-5.25519263188911
MIMAT0004689	-0.0833214600356991	6.34350863497666	-1.98510916703461	0.047334376008665	0.196733500286014	-5.26455512969565
MIMAT0004595	0.198889833739068	7.02167707081932	1.9686845331023	0.0491935923645435	0.20131531644567	-5.29678574100175
MIMAT0000423	-0.425942957467033	13.0826392032699	-1.9302158405845	0.0537893153892339	0.214508092045233	-5.37123202892467
MIMAT0000280	-0.54289616446327	10.3232209031617	-1.92797232972493	0.0540680618362691	0.214508092045233	-5.37552868545961
MIMAT0000101	0.255266792210257	12.7280525045066	1.92183592020435	0.0548366551093076	0.214508092045233	-5.38725543623137
MIMAT0000252	0.557343554491482	8.0353450303769	1.89569060014879	0.0582143252126454	0.224420442124111	-5.43680275827077
MIMAT0004795	-0.381813816553591	8.91593113184041	-1.88263072083378	0.0599652723903191	0.225288171501218	-5.46129938366938
MIMAT0000452	-0.169989325650608	6.90087206013949	-1.87317920816177	0.0612595316740998	0.225288171501218	-5.47892266662624
MIMAT0000763	-0.545940198328462	8.80975748917491	-1.87290362050703	0.0612976145457239	0.225288171501218	-5.47943520325995
MIMAT0004694	-0.376472026083227	9.08230225856235	-1.86908586027519	0.0618272049608605	0.225288171501218	-5.48652773780052
MIMAT0000095	0.583788765197388	10.1812499777893	1.85958157470234	0.0631621004236902	0.227042144766238	-5.50412201344387
MIMAT0000094	-0.283411770286023	7.06586731570795	-1.81829144611448	0.0692410694941079	0.245574993139103	-5.5795220285222
MIMAT0000710	0.352937679226504	9.54050338203633	1.79719061240987	0.0725287412833503	0.252690053495582	-5.61740386999526
MIMAT0005927	-0.284749085683727	9.18637078165066	-1.79330975683769	0.073147120748721	0.252690053495582	-5.62432317162624
MIMAT0000084	0.285909568358896	13.324666149987	1.78394903781173	0.0746564491341927	0.254597634226862	-5.64095143994709
MIMAT0000687	-0.108462723745226	6.5301014458468	-1.745306620687	0.0811589732727959	0.270579014254282	-5.70867850467849
MIMAT0000730	-0.319678634928063	8.13779356915207	-1.74369984590337	0.0814390178238201	0.270579014254282	-5.71146266687089
MIMAT0000100	-0.421336552897162	9.51588321537948	-1.73825204958297	0.0823943614834468	0.270579014254282	-5.72088341391048
MIMAT0000680	0.226882226368688	12.0177490195804	1.71885412940739	0.0858701378464749	0.27855434959954	-5.7541894904726
MI0000434_MIMAT0000415	0.256864863277373	13.1411284069803	1.70407102383339	0.0885978868361302	0.28328640783601	-5.77932210383307
MIMAT0000692	-0.252727498096841	8.64277189120182	-1.69948124854444	0.0894588656324241	0.28328640783601	-5.78708116363891
MIMAT0000431	-0.295049324692847	10.1411457179848	-1.67639700599683	0.0938919359893672	0.293826529096137	-5.82578934319101
MIMAT0005901	0.198609680767399	7.19362356397711	1.66270270243297	0.0966040393553366	0.29786946390585	-5.84850313434059
MIMAT0000082	-0.274617173595352	10.9579612739185	-1.65862575671422	0.0974234712774771	0.29786946390585	-5.85522944012689
MIMAT0000770	-0.168453037199217	6.53782236744341	-1.63773972590577	0.101708989977948	0.307438537887889	-5.88943009443148
MIMAT0000461	-0.460264680329344	10.4881102877906	-1.63207624564066	0.102896590040299	0.30753362865977	-5.89862958841998
MIMAT0004911	-0.130506647658607	7.37239768179366	-1.61656071977661	0.106206718440039	0.313607468861607	-5.92366968725784
MIMAT0000646	0.386342784872728	8.97437243616111	1.607200891866	0.108244095916264	0.313607468861607	-5.93866004997017
MI0000065_MIMAT0000065	0.358901012917167	9.88673575434891	1.60619108632873	0.108465741110029	0.313607468861607	-5.94027213595718
MIMAT0002173	-0.11165552564799	6.39396226653458	-1.59857834982812	0.110148274783302	0.315047753681273	-5.95239286653678
MIMAT0001638	-0.0943527954383772	6.48765070704927	-1.57496863127241	0.115497934348644	0.325911283987224	-5.98961857551941
MIMAT0000258	-0.262587222870633	7.8937217968353	-1.57108627715642	0.116396887138294	0.325911283987224	-5.99568709485641
MIMAT0000435	-0.300114253990566	8.58805560881096	-1.54823716890285	0.121799532423811	0.331353353091192	-6.03110023458397
MIMAT0000729	-0.276620245461824	8.14554516226823	-1.54735703962339	0.122011499178846	0.331353353091192	-6.03245398063686
MIMAT0000765	-0.27759973934168	7.28181185340272	-1.54708302293804	0.12207755113886	0.331353353091192	-6.03287529510089
MIMAT0003879	-0.127743577021419	6.66445851394884	-1.5262958977148	0.127170373400063	0.341690094186028	-6.06461977910637
MIMAT0000720	-0.281211136828734	8.2861527056862	-1.51693338764988	0.129517568250977	0.344516731547598	-6.07877770423506
MIMAT0004606	-0.126875456155881	6.73497066885981	-1.50537362182218	0.132461918967703	0.348860103419891	-6.09613853446648
MIMAT0004589	-0.118845621546407	6.96895643721604	-1.49132995302768	0.136108455743796	0.354511951482146	-6.1170516949376
MIMAT0000757	0.24248386181964	9.46353265264988	1.486904749248	0.137273424822034	0.354511951482146	-6.12360101807563
MIMAT0003233	-0.282825605532859	7.74360000640159	-1.47582319326708	0.140224503640087	0.358651134310224	-6.13991666010859
MIMAT0000459	0.208885365323499	8.09962981273394	1.45204692811669	0.146720862462833	0.371669682745877	-6.17451247999097
MIMAT0001412	0.18501292016236	7.2741105508139	1.44311966026494	0.149218700703193	0.371669682745877	-6.18735752750477
MIMAT0004558	-0.116713424873226	6.81776589475706	-1.44173689594825	0.149608485444679	0.371669682745877	-6.18934006219015
MIMAT0000077	0.23871669111254	14.0611367622616	1.43716255528957	0.150903480212612	0.371669682745877	-6.1958850098434
MIMAT0000762	-0.188416438715774	9.06301336247011	-1.41993794381987	0.155856576645848	0.380347242089868	-6.2203438690315
MIMAT0004784	-0.302813387362334	8.64145983014377	-1.40895007571183	0.159080162747784	0.382423050545107	-6.23579297671027
MIMAT0002816	-0.517107790567819	10.270133461165	-1.40725288212248	0.159582551167319	0.382423050545107	-6.23816858771159
MIMAT0002814	-0.0948715945298337	6.61076349308821	-1.38625590306124	0.165897630130244	0.391607766804221	-6.26732251666706
MIMAT0002175	-0.0510166688277298	6.32379988471557	-1.38131590374077	0.167410377720053	0.391607766804221	-6.27411811492964
MIMAT0000098	-0.316276093891148	10.22923619135	-1.37994537355792	0.167831900058952	0.391607766804221	-6.27599916707288
MIMAT0000510	-0.214432032499161	9.31692454356977	-1.36807205406984	0.171517131264973	0.39672658188246	-6.29221735177565
MIMAT0000733	-0.184870593002756	7.34274705666918	-1.3557512152705	0.175405031917132	0.399173150607141	-6.30889905887068
MI0000066_MIMAT0000066	0.349490461145157	12.0942500143031	1.3552136168481	0.175576160229457	0.399173150607141	-6.30962350953085
MIMAT0000760	0.179838044156683	9.94115300263179	1.34341506270792	0.179363334312964	0.404327516332613	-6.32545071497457
MIMAT0000266	-0.564132318268913	9.97930873110655	-1.32982768257336	0.183799639932577	0.406796221160566	-6.34350654448073
MIMAT0000072	0.190818159561858	7.44513633924735	1.32943889230595	0.183927767343845	0.406796221160566	-6.34402050127636
MIMAT0004568	-0.157226994804087	6.86651653063536	-1.32605300314267	0.185046401354994	0.406796221160566	-6.34849010159685
MIMAT0000416	-0.182335178059301	6.65000353053603	-1.31521048681354	0.188662462836385	0.411346025528512	-6.3627264582605
MIMAT0004774	0.0878290816362339	6.74908610666301	1.30063764347297	0.193604438486215	0.418689273474253	-6.38167713167443
MIMAT0005948	0.149399205617192	7.06570094937644	1.28964836636692	0.197393615968598	0.423441143932637	-6.39582840175591
MIMAT0005865	0.430878600583487	11.3369890496682	1.27687386797367	0.201866312593222	0.428183579535673	-6.41212801694439
MIMAT0000438	-0.199235205973763	8.0825874006664	-1.27416610592108	0.202823800832687	0.428183579535673	-6.41556219362395
MIMAT0000232	0.417245400063555	12.8391180252425	1.26184706692774	0.207221740577151	0.434023488137971	-6.4310942646462
MIMAT0004951	-0.150679758935672	6.77522139251739	-1.2495677336813	0.21167403987994	0.4398851141255	-6.44642645814131
MIMAT0002874	0.168014822914301	7.21375875045443	1.23513904241809	0.216993625758343	0.447444220555962	-6.4642512271126
MIMAT0000447	0.130040768903762	7.19724017945421	1.20831562526821	0.227137444644151	0.464758155964186	-6.49683914298922
MIMAT0004695	-0.121141407410026	6.90071992896926	-1.19660162952144	0.231671916921243	0.470417785504203	-6.5108465752055
MIMAT0000279	-0.289740497332984	8.11767985844402	-1.18430139620718	0.236502195122018	0.476587756836793	-6.52540846244413
MIMAT0004514	-0.111651292132445	6.94924675742882	-1.1555635439577	0.248064155739671	0.496128311479341	-6.55884515356557
MIMAT0003299	-0.141833019607874	6.81860391731304	-1.13882713230156	0.254977259476356	0.505984527658912	-6.57794038711987
MIMAT0000420	-0.209154554368223	9.63143104117816	-1.1344751133189	0.25679665877426	0.505984527658912	-6.58286022755123
MIMAT0003163	-0.0708969400042658	6.56376257805467	-1.12347501173412	0.261435506064694	0.511337092744181	-6.59521172761429
MIMAT0000687_MIMAT0002890	-0.136028560445199	6.89480939690604	-1.11737228577383	0.264033947557358	0.512649854381439	-6.6020123868732
MIMAT0000418	0.194848599670763	10.2689957868833	1.1105815049017	0.266946247965436	0.514548564918883	-6.60953632875272
MIMAT0000737	-0.0947392107229454	6.77471339297345	-1.09128454417222	0.275342377954422	0.526914190905585	-6.63066677409648
MIMAT0004697	0.20242293041062	8.86422308387384	1.07823270189764	0.281122496001799	0.532578242254368	-6.64474912629332
MIMAT0004571	-0.166151406359701	7.53105243784802	-1.07558171142505	0.282306511871676	0.532578242254368	-6.64758875932565
MIMAT0000078	0.1800783119195	13.5064216788554	1.06824868654828	0.285599284172481	0.532583806530388	-6.65540724811805
MIMAT0002876	-0.0986939952065873	7.25986903076318	-1.06666491182043	0.286313850879118	0.532583806530388	-6.65708886102668
MIMAT0003221	0.0751089509613516	6.64751970155349	1.03224651095549	0.30214149546171	0.558122484672325	-6.69301820887307
MIMAT0005949	-0.0569891089952677	6.61712841591243	-1.01630146421694	0.309667911866605	0.567153713922151	-6.70926446947621
MIMAT0000068	0.206731013038017	11.99262302658	1.01288846742753	0.311294895611406	0.567153713922151	-6.71270913019815
MIMAT0000086	-0.136916687749865	13.6716643395032	-0.989846129993946	0.322426669684498	0.583438735619567	-6.73566249611045
MIMAT0002821	-0.13407117991408	7.46052484514879	-0.984514691638083	0.325038880653982	0.58419150171594	-6.74089821738741
MIMAT0000271	0.222204074146064	10.9547637784514	0.973054659886399	0.330700411204021	0.590144113224362	-6.75205692516277
MIMAT0000617	0.221427240005227	9.22153195882445	0.966053210559554	0.334190540240809	0.590144113224362	-6.7588100793049
MIMAT0001080	0.179394089477596	7.83320990686282	0.963720749705662	0.335358501481235	0.590144113224362	-6.76104900906716
MIMAT0001639	-0.0894694111294569	6.98667916264632	-0.95753025615517	0.338471086341154	0.590144113224362	-6.76696505715905
MIMAT0000263	-0.255398127478749	8.58507864608016	-0.952168160448955	0.341182109535318	0.590144113224362	-6.77205866185457
MIMAT0004493	-0.121437348161378	7.17918774699499	-0.951221089994756	0.34166238134042	0.590144113224362	-6.7729553423719
MIMAT0004775	-0.0821150331862421	7.39691006543992	-0.940363273144802	0.347199442009097	0.595839042415612	-6.78317178426782
MIMAT0000752	-0.0318094832581961	6.3317068172287	-0.920920711249685	0.357256321747214	0.602532037620814	-6.80117320312326
MIMAT0000703	-0.107410410493898	10.1851813978168	-0.918556818314216	0.358491472307317	0.602532037620814	-6.80333626749961
MIMAT0002176	-0.0311088679543028	6.31346084156646	-0.916405688723708	0.359617786108146	0.602532037620814	-6.80529981885592
MIMAT0005793	-0.136986874896963	10.8584300846003	-0.915371390071756	0.360160127750788	0.602532037620814	-6.80624228990462
MIMAT0004776	0.0746731308303028	6.75971076708547	0.889522559806046	0.373880746573109	0.618621164636226	-6.82945093922288
MIMAT0000755	0.0265398140550959	6.2764601792079	0.888502789818411	0.374428599648242	0.618621164636226	-6.83035293662679
MIMAT0003886	-0.0947719656437949	7.77496580209787	-0.875192595582557	0.381624766262085	0.626618443368608	-6.8420311705452
MIMAT0000092	-0.152811887981171	8.92020468296994	-0.869041465219445	0.384978889619321	0.628247758519873	-6.84736862790558
MIMAT0004599	-0.0531765213318547	6.67006867796272	-0.849366226942965	0.395828098480863	0.641441922414567	-6.86418871068623
MIMAT0002171	-0.0777231525501243	6.80872249034265	-0.845669611366874	0.397886906760916	0.641441922414567	-6.86730596022387
MIMAT0004945	-0.0726619095976169	6.67470721415635	-0.840885415429567	0.400561007263237	0.641862818867596	-6.87132017111066
MIMAT0000707	0.233879453914957	7.95833998192079	0.828955953924993	0.407275836608623	0.648714805616129	-6.88123057352826
MIMAT0002174	-0.0557979458616185	6.84307238751849	-0.822834249729316	0.41074754141418	0.650350273905784	-6.88626126070104
MI0000064_MIMAT0000064	-0.129774557518903	13.7144905557788	-0.798171978177918	0.424911044871999	0.664361728329124	-6.90615085558995
MIMAT0001618	0.0345677437149128	6.47698762251108	0.797839329971679	0.425104016233772	0.664361728329124	-6.90641499662407
MIMAT0000449	0.180818009064995	9.38400773534485	0.789124370256813	0.430177851298781	0.664361728329124	-6.91329596277091
MIMAT0000419	0.144725149398455	10.1088465987173	0.78321490877396	0.433638265180301	0.664361728329124	-6.91791886757515
MIMAT0000253	0.264384773251352	8.85499429931364	0.774714820151599	0.438643825181703	0.664361728329124	-6.92450750698834
MIMAT0003180	-0.0755635300813351	6.87668336970291	-0.773889194950245	0.439131787013053	0.664361728329124	-6.92514364315794
MIMAT0000097	-0.209279927048404	10.8726950247288	-0.769607235505795	0.441667516660374	0.664361728329124	-6.92843197941788
MIMAT0004614	-0.117087495599838	8.40575611958772	-0.76301736463252	0.445586317389783	0.664361728329124	-6.93345706472778
MIMAT0000432	0.2058661439375	11.4546515137348	0.762977021470643	0.445610369200024	0.664361728329124	-6.93348769531008
MIMAT0000426	-0.0752745151818601	7.54211581880621	-0.761508208109492	0.446486551405991	0.664361728329124	-6.93460179124908
MIMAT0003330	-0.022070227006588	6.31917731935217	-0.760530223873097	0.447070486356816	0.664361728329124	-6.93534240339712
MIMAT0000689	0.136640085242482	8.34961730145815	0.750063179409001	0.453347320484844	0.669946595827603	-6.9432093790562
MIMAT0000728	0.292129416149406	9.39819248466254	0.741917837396707	0.458266141600664	0.673473998153461	-6.94925600765854
MIMAT0000075	-0.186736492159927	11.4905905474045	-0.728272083216536	0.466573320460499	0.679622610474361	-6.95923799148972
MIMAT0000761	0.0908243719046364	8.34257295841168	0.726660480200416	0.467559916228602	0.679622610474361	-6.96040466794614
MIMAT0004602	-0.105452001607969	7.32026681737594	-0.70656562179507	0.479958358914644	0.693852844952692	-6.97473493191661
MIMAT0000753	-0.1763516004902	10.5854264406877	-0.696350541710432	0.486329173217095	0.699262486895931	-6.98186567838441
MIMAT0000451	-0.256602774521459	10.8596339424501	-0.690424002019241	0.490046240886311	0.700818817611607	-6.98595519712692
MIMAT0000446	-0.122101587398374	8.05788417904123	-0.674826925107447	0.499901256558204	0.711089487938408	-6.99655079842081
MIMAT0004557	-0.0444475176407622	6.62635658696578	-0.666293034239235	0.505337633533708	0.711893905701461	-7.00224574841644
MIMAT0004587	-0.0407059350976642	6.54858863521071	-0.665539186413777	0.505819354051038	0.711893905701461	-7.00274533460096
MIMAT0002813	0.0579381849332767	6.597037214716	0.649033697975713	0.516426966389224	0.722900774215579	-7.01354210672512
MIMAT0003888	0.0363323724916595	6.94091125956451	0.642272549116116	0.520805260041782	0.722900774215579	-7.01788656421369
MIMAT0004494	0.14025787865315	9.17775387708121	0.640751240284376	0.521793040035305	0.722900774215579	-7.0188578334291
MIMAT0000450	0.142965823147864	7.84413230632965	0.63258345832469	0.52711279329952	0.726487062267732	-7.02403314181965
MIMAT0000254	-0.181637534388103	10.1127214142109	-0.624136683917094	0.532643252410298	0.730325284232676	-7.02931543366215
MIMAT0000685	-0.0930865573513353	8.41601878357366	-0.607445194281497	0.543657638812569	0.737532444921216	-7.03954497932783
MIMAT0004761	0.114747192150094	7.72513957440791	0.605100760868297	0.545213723074905	0.737532444921216	-7.04095959299463
MIMAT0000424	0.0955763940686269	7.96042338717918	0.602912201611706	0.54666834276033	0.737532444921216	-7.04227521924713
MIMAT0000083	-0.214502119155009	10.1722182610974	-0.596623129515779	0.55085903583836	0.737532444921216	-7.0460293024225
MIMAT0000682	-0.174935441831953	10.9423925412943	-0.595269635924158	0.551762994508729	0.737532444921216	-7.04683208722165
MIMAT0000269	0.0328399971493694	6.53362968459972	0.58784809010002	0.556732555687707	0.74045429906465	-7.05120156733601
MIMAT0003945	0.0640016989010626	6.82289837716528	0.577402555161619	0.563763806594117	0.746075485343459	-7.05725861312712
MIMAT0003294	0.107467812067514	7.70678399113744	0.554785675593413	0.579133146738696	0.758954689849523	-7.07000151226979
MIMAT0000067	0.191024897334733	11.1242395923436	0.554684613723117	0.579202263306215	0.758954689849523	-7.07005731097076
MIMAT0004673	-0.0880418517780726	8.82468154309957	-0.54096938686681	0.588617911725555	0.7675115907794	-7.07753556049122
MIMAT0004682	-0.0646963178041462	8.43148837311124	-0.530195474505942	0.596063580582892	0.770799434797596	-7.08327880858932
MIMAT0004780	-0.0423940639383087	7.0415766087001	-0.528938710017681	0.596934900632725	0.770799434797596	-7.0839412306508
MIMAT0004762	-0.0311305604178918	6.28954104635754	-0.523631677553189	0.600620669217288	0.771812067689848	-7.08672116097902
MIMAT0000096	0.133860312994597	8.65743890592171	0.507058519721081	0.612196552756985	0.782905206891144	-7.09522212337488
MIMAT0003338	-0.092495441418202	8.71398666219147	-0.4980185096109	0.61855209402798	0.787248119671975	-7.09974387992212
MIMAT0000460	0.0527158769361318	7.38479354245338	0.454282432485358	0.649698570863574	0.82295152309386	-7.12047205906237
MIMAT0000731_MIMAT0000732	-0.0401192069443104	6.87434183412231	-0.44072019580206	0.659486120705298	0.831390085818053	-7.12651309523393
MIMAT0000062	0.123374885585939	13.5383193614945	0.427119866730307	0.669360118206985	0.838070292739998	-7.13238729602232
MIMAT0002809	0.0997788512823048	9.4994096822947	0.424750326156631	0.671086362231652	0.838070292739998	-7.1333919106139
MIMAT0004594	-0.0326952060566237	6.79593137923549	-0.416180643255244	0.677343960385823	0.841932212442192	-7.13697855649593
MIMAT0000759	-0.053371713737838	9.327400441291	-0.409015181425685	0.682593382817005	0.844510882927085	-7.13992139703518
MIMAT0002888	-0.0496419984393723	8.14587841356341	-0.396231154304469	0.691997113035308	0.852181629941629	-7.14504487156466
MIMAT0004767	0.028458437709646	6.81313576188407	0.390190698849461	0.696457080156962	0.853721582127888	-7.14740913481608
MIMAT0000222	0.0791903937078047	8.24107179102695	0.376184295198449	0.706838985828285	0.862473257937266	-7.15275159186615
MIMAT0000433	0.088085168607968	8.53235433474395	0.357104374225282	0.721069469927165	0.872317718158647	-7.15971510851088
MIMAT0000243	-0.0904738929902322	10.5240459673998	-0.356574897230365	0.721465781935723	0.872317718158647	-7.15990318286241
MIMAT0000231	-0.0740714223868402	8.70969010942691	-0.34311816439483	0.731562976307061	0.88052376333791	-7.16458946223025
MIMAT0005929	-0.065840236742746	8.23203603832848	-0.31723853542777	0.751111655530465	0.899980632302268	-7.17309539402369
MIMAT0006764	-0.0492413296883178	11.32693082871	-0.306571662642783	0.759216690698713	0.905063456897638	-7.17640730523866
MIMAT0005898	-0.0988873291900676	10.1317989606804	-0.302708425086334	0.76215870054538	0.905063456897638	-7.17757885018547
MIMAT0000456	-0.0334089892551566	8.25386056255497	-0.285486849040062	0.775314962993487	0.911569271773084	-7.18262066625671
MIMAT0003329	-0.0142840462710616	6.38183867880525	-0.277299002666416	0.781592970709756	0.911569271773084	-7.18491421414438
MIMAT0003266	-0.0285818047908846	6.62760948201266	-0.276021166570563	0.782574045954804	0.911569271773084	-7.18526613699581
MI0000433_MIMAT0000414	0.0726959807749452	10.9719857184941	0.270069862356584	0.787147775775039	0.911569271773084	-7.18688374634211
MIMAT0004552	-0.0160905211638216	6.65808172071876	-0.26095479707032	0.794167158426398	0.911569271773084	-7.18929294290628
MIMAT0005593	-0.0114409618450262	6.54629485190475	-0.258823697884105	0.795810720443396	0.911569271773084	-7.1898442844202
MIMAT0001413	-0.0567639137706761	9.39599601767733	-0.247719626764406	0.804389007448773	0.911569271773084	-7.19264390155793
MIMAT0000069	-0.0799420242215572	13.0234039856985	-0.244584800162869	0.806815094685058	0.911569271773084	-7.19341205544989
MIMAT0004748	0.0216873048454334	7.53690430961203	0.238342257976642	0.811651811744706	0.911569271773084	-7.19491258562355
MIMAT0003322	0.0319302954542939	7.59910901028833	0.231396574677334	0.817041784217826	0.911569271773084	-7.19653654126971
MIMAT0004954	-0.00879613484565667	6.33340115004938	-0.231337002673759	0.817088051017871	0.911569271773084	-7.1965502619762
MIMAT0004955	-0.0315465010619054	7.5437558917133	-0.229541594268338	0.818482759779544	0.911569271773084	-7.19696212536311
MIMAT0000085	0.0386750072497781	8.16746976615574	0.229031432519996	0.818879168663946	0.911569271773084	-7.19707857012627
MIMAT0001536	0.0591803433973244	9.74952133303401	0.228094473664423	0.819607330618877	0.911569271773084	-7.19729175678639
MIMAT0000455	0.0280386320059929	9.23386820197064	0.224685689886658	0.822257792400906	0.911569271773084	-7.1980599860318
MIMAT0002871	-0.0175656003565976	7.25783402780578	-0.224414789038857	0.822468515885489	0.911569271773084	-7.19812054216586
MIMAT0000727	0.0466191750062492	8.10166467005848	0.208276223554542	0.83504470556074	0.9122249012133	-7.20159628959894
MIMAT0000073	-0.0384374957725893	9.54401263252997	-0.203002559566003	0.839163615955632	0.9122249012133	-7.20267587163112
MIMAT0003340	-0.0288074201707742	7.5045112924969	-0.197519422535066	0.843450811946141	0.9122249012133	-7.20376897957076
MIMAT0000318	0.0593145246630238	12.4376211674672	0.197043038921	0.843823511594555	0.9122249012133	-7.20386253749048
MIMAT0000688	0.044500139320597	9.20690698410859	0.19525295940496	0.845224296078487	0.9122249012133	-7.20421207543073
MIMAT0002817	-0.013566654665313	6.54148598717619	-0.193947897854302	0.846245850305883	0.9122249012133	-7.20446489640464
MIMAT0000705	-0.0237428207552739	8.049323629292	-0.18510962091325	0.853170854569661	0.9122249012133	-7.20613245714571
MIMAT0005792	-0.0327485241647008	10.7083246728039	-0.18424174594803	0.853851475940121	0.9122249012133	-7.20629201067174
MIMAT0003240	0.039433133445411	7.80989888127504	0.184148239891997	0.853924813541774	0.9122249012133	-7.20630915644773
MIMAT0001341	0.0496080282025053	9.05450682423859	0.17681659123902	0.859678972717826	0.914698426971767	-7.20762643178289
MIMAT0000442	0.0351022182801133	6.91999785389364	0.163857519940261	0.869867830918805	0.921829061460108	-7.20982390796863
MIMAT0003258	0.0378096429987416	8.80103023479542	0.159483583447048	0.873311742435892	0.921829061460108	-7.21052786394105
MIMAT0000434	0.0507323507898336	12.0370401053953	0.154621075090446	0.877143161440782	0.92206970125362	-7.21128809800017
MIMAT0004683	-0.020442205024561	7.53211283660837	-0.150398645879521	0.880472571873757	0.92206970125362	-7.2119291648742
MIMAT0003389	-0.0183365590284001	7.28617842185605	-0.125478215084349	0.900163649088175	0.936720956734327	-7.21535120565113
MIMAT0004982	-0.0187722789187799	7.53578913346979	-0.123782534576904	0.901505883172886	0.936720956734327	-7.21556159001685
MIMAT0000070	-0.0170555955430567	9.03287317284613	-0.100759257879667	0.919756527773496	0.949563845308151	-7.21813483278361
MIMAT0002805	0.0133458515891061	6.61865557628203	0.099185720986867	0.921005534171063	0.949563845308151	-7.21829143747252
MIMAT0000443	0.0169429927532825	9.65535131488356	0.0921039342718046	0.926629124620481	0.951673155015629	-7.21896573555742
MIMAT0000756	0.00641799537014798	6.63014501588918	0.0836423283414304	0.93335320944926	0.95489212966732	-7.21970594897338
MIMAT0004484	0.00212368449996259	6.2872139953382	0.0782934658020101	0.937606215026062	0.955568019911618	-7.22013709335531
MIMAT0000227	-0.00730032990067642	7.8751468640353	-0.0449070585209078	0.964188030521678	0.976133337835523	-7.22218448764088
MIMAT0000457	0.00509805006892705	7.19947897075168	0.0437322282099899	0.965124315228356	0.976133337835523	-7.22223632242816
MIMAT0000245	-0.00345660527088043	10.2957719476056	-0.016558400728818	0.986791357585291	0.991406130337569	-7.22305181655063
MIMAT0003885	-0.00222076449919584	7.53243516632141	-0.0112567145323381	0.991020293777858	0.991406130337569	-7.22312521981571
MI0000063_MIMAT0000063	-0.0017724556991805	15.6509850470014	-0.0107730212101099	0.991406130337569	0.991406130337569	-7.22313052377155
