	name	logFC	AveExpr	t	P.Value	adj.P.Val	B
MIMAT0004603	hsa-miR-125b-2-3p	-0.645973626373624	7.14102023346303	-4.22647132819552	2.54276870441797e-05	0.00538875387101389	2.28086209264617
MIMAT0000250	hsa-miR-139-5p	-0.631094505494504	6.96758521400778	-4.1180257560652	4.06698405359539e-05	0.00538875387101389	1.84907281721899
MIMAT0000243	hsa-miR-148a-3p	-1.30320989010988	10.7076140077821	-3.90637168583519	9.860140517023e-05	0.00870979079003698	1.03783019178163
MIMAT0001627	hsa-miR-433-3p	-0.106699999999997	6.27891595330739	-3.77542092457888	0.000167078973128052	0.0110689819697334	0.556822448120454
MIMAT0000278	hsa-miR-221-3p	-0.869635164835165	8.15734630350195	-3.705368563292	0.000220113870299667	0.0116660351258823	0.306085890493201
MIMAT0000086	hsa-miR-29a-3p	-0.587892307692313	13.9115229571984	-3.31666997920678	0.000936603677609	0.0382433350138533	-1.0015593377044
MIMAT0000280	hsa-miR-223-3p	-1.22289120879121	10.4669478599222	-3.23798627699621	0.00123473126360716	0.0382433350138533	-1.24896732369323
MIMAT0004673	hsa-miR-29c-5p	0.715336263736265	8.96772529182879	3.20209558462007	0.00139798576910376	0.0382433350138533	-1.35988032352826
MIMAT0004814	hsa-miR-654-3p	-0.483676923076924	7.09719299610895	-3.19489713506259	0.00143303887800924	0.0382433350138533	-1.38197931160739
MIMAT0000089	hsa-miR-31-5p	-0.76959230769231	7.22952684824903	-3.1795791910318	0.00151034563057672	0.0382433350138533	-1.42884204509957
MIMAT0003393	hsa-miR-425-5p	0.765253846153847	10.2650614785992	3.16500369866902	0.00158745918925429	0.0382433350138533	-1.47322764522491
MIMAT0000431	hsa-miR-140-5p	-0.709808791208793	10.3465035019455	-3.0657198642447	0.00221707400603436	0.0489603842999254	-1.77022793026621
MIMAT0002819	hsa-miR-193b-3p	0.742506593406596	10.7121447470817	3.03388380704567	0.00246306682163566	0.0496425372345097	-1.86348946476319
MIMAT0002177	hsa-miR-486-5p	-0.735526373626374	7.22713073929961	-2.97536864591689	0.00298142250587212	0.0496425372345097	-2.03240351983242
MIMAT0000097	hsa-miR-99a-5p	-1.12614065934066	11.0320536964981	-2.93103952810087	0.00343845501472904	0.0496425372345097	-2.15820813517434
MIMAT0004597	hsa-miR-140-3p	-0.563513186813186	9.59469105058366	-2.92953162029511	0.00345506875890031	0.0496425372345097	-2.16245478078271
MIMAT0002814	hsa-miR-432-5p	-0.263192307692301	6.65606303501946	-2.92328449020536	0.0035246801756579	0.0496425372345097	-2.18002530198725
MIMAT0000730	hsa-miR-377-3p	-0.709749450549449	8.26683968871595	-2.91796145692706	0.00358499993777127	0.0496425372345097	-2.19496754185062
MIMAT0000452	hsa-miR-154-5p	-0.356165934065936	6.96640389105058	-2.90706082156175	0.00371146750515869	0.0496425372345097	-2.22548279315574
MIMAT0004504	hsa-miR-31-3p	-0.6931956043956	6.97454785992218	-2.90409211335372	0.00374660658373658	0.0496425372345097	-2.23377388006146
MIMAT0000425	hsa-miR-130a-3p	-0.731534065934058	10.8553813229572	-2.80904885277897	0.00504459203540154	0.0636579471134004	-2.49479507429536
MIMAT0000275	hsa-miR-218-5p	-0.626689010989014	7.67071750972763	-2.78332882644658	0.00545979202682872	0.0657656766868005	-2.5639570495773
MIMAT0000732	hsa-miR-378a-3p	-0.341845054945054	6.93282568093385	-2.76426970780827	0.0057871246994203	0.0666777411020164	-2.61480236314301
MIMAT0000450	hsa-miR-149-5p	0.8217032967033	7.9295486381323	2.74040616724759	0.00622190030434879	0.0685114845726876	-2.6779782218027
MIMAT0000736	hsa-miR-381-3p	-0.484519780219781	7.39617276264591	-2.72779589835118	0.00646334760119694	0.0685114845726876	-2.71114386549835
MIMAT0000098	hsa-miR-100-5p	-0.859730769230772	10.3857408560311	-2.70742969093639	0.00687115828842991	0.0700329594782279	-2.76438884485
MIMAT0000252	hsa-miR-7-5p	1.0405956043956	8.14733852140078	2.6924990739822	0.00718467676518406	0.0705162719545843	-2.80317262620222
MIMAT0003879	hsa-miR-758-3p	-0.293496703296698	6.7220326848249	-2.68003935318891	0.00745608671984535	0.0705665350271078	-2.83537574984048
MIMAT0004605	hsa-miR-129-3p	-0.205506593406593	6.51305992217899	-2.64306743751524	0.00831645696098105	0.0731726478354863	-2.93006341257102
MIMAT0000720	hsa-miR-376c-3p	-0.646508791208788	8.41846381322957	-2.63512411412097	0.00851252241545779	0.0731726478354863	-2.95023710476792
MIMAT0001631	hsa-miR-451	-1.55427472527472	12.0230038910506	-2.62716341557666	0.00871315814150976	0.0731726478354863	-2.97039468538976
MIMAT0002876	hsa-miR-505-3p	-0.33218461538462	7.33861167315175	-2.61251105790573	0.00909353436324828	0.0731726478354863	-3.00733879620885
MIMAT0000729	hsa-miR-376a-3p	-0.617750549450547	8.27417042801556	-2.61181131344963	0.00911206557951338	0.0731726478354863	-3.00909800301755
MIMAT0000423	hsa-miR-125b-5p	-0.781558241758241	13.3319828793774	-2.59788490064809	0.00948796445212976	0.0732251766685955	-3.044013035655
MIMAT0000689	hsa-miR-99b-5p	0.621708791208789	8.43787937743191	2.58245266727257	0.00992062783018967	0.0732251766685955	-3.08248765193062
MIMAT0000432	hsa-miR-141-3p	0.90195274725275	11.684353307393	2.58151164347781	0.00994757117007335	0.0732251766685955	-3.08482641442457
MIMAT0000255	hsa-miR-34a-5p	-0.475206593406595	13.1716653696498	-2.55117813533593	0.0108517838662599	0.0777222357988883	-3.15976371022913
MIMAT0000445	hsa-miR-126-3p	-0.825971428571423	9.55936031128405	-2.46818678883447	0.0137102600881265	0.0934353046829352	-3.36030880036536
MIMAT0004784	hsa-miR-455-3p	-0.705578021978017	8.76756342412451	-2.46712314223963	0.0137508561608848	0.0934353046829352	-3.36283644503331
MIMAT0000733	hsa-miR-379-5p	-0.437182417582412	7.43070661478599	-2.44795229591645	0.0145009899336033	0.0950388846675386	-3.40820898727397
MIMAT0000728	hsa-miR-375	1.3235043956044	9.54410350194552	2.44291161178849	0.0147041293259211	0.0950388846675386	-3.42008081266234
MIMAT0004601	hsa-miR-145-3p	-0.377428571428574	7.27921089494163	-2.40779692398339	0.0161902479292992	0.102152754792007	-3.50211040376011
MIMAT0000687	hsa-miR-299-3p	-0.198979120879121	6.58078443579767	-2.39459145241077	0.0167824249094549	0.102514228346832	-3.53265459640393
MIMAT0000737	hsa-miR-382-5p	-0.270872527472527	6.83304046692607	-2.38938176992056	0.0170212303670211	0.102514228346832	-3.54465878778916
MIMAT0000436	hsa-miR-144-3p	-0.838576923076925	7.7847766536965	-2.38068964292909	0.0174263161032504	0.102621639274697	-3.56462958841937
MIMAT0004689	hsa-miR-377-5p	-0.13194615384615	6.38472840466926	-2.35988985052346	0.0184301941194411	0.103962591853848	-3.61212585556656
MIMAT0003326	hsa-miR-663	0.610172527472525	8.18356809338521	2.35971894435669	0.0184386483665316	0.103962591853848	-3.61251440848709
MIMAT0001639	hsa-miR-409-3p	-0.283545054945055	7.05082101167315	-2.3395094689236	0.0194626234169509	0.105322969509128	-3.658263745109
MIMAT0002820	hsa-miR-497-5p	-0.530000000000003	9.23828326848249	-2.3392745466794	0.0194748132299897	0.105322969509128	-3.65879325875633
MIMAT0005796	hsa-miR-1271-5p	-0.230075824175827	6.8618560311284	-2.32164944369369	0.0204086120399777	0.105977118588967	-3.69836983987066
MIMAT0003221	hsa-miR-557	0.218865934065932	6.68665058365759	2.32163805736302	0.020409227724372	0.105977118588967	-3.69839531159501
MIMAT0004558	hsa-miR-181a-2-3p	-0.252121978021976	6.88143346303502	-2.31455266759856	0.0207955100627407	0.105977118588967	-3.71422162556487
MIMAT0003240	hsa-miR-575	0.628257142857146	7.84903813229572	2.29045957527459	0.0221571527904436	0.110233521445428	-3.76767846072545
MIMAT0004600	hsa-miR-144-5p	-0.437029670329665	6.64377898832685	-2.28523131672196	0.0224626798417099	0.110233521445428	-3.77920548622799
MIMAT0000617	hsa-miR-200c-3p	0.661430769230769	9.28564980544747	2.24976396502274	0.0246337553173176	0.118689911983439	-3.85671258257612
MIMAT0000693	hsa-miR-30e-3p	-0.461869230769231	8.65674941634241	-2.22630511070816	0.0261677818445706	0.122061460388204	-3.90731671562259
MIMAT0000265	hsa-miR-204-5p	-0.334917582417584	6.60559377431907	-2.22501147728725	0.026254729215576	0.122061460388204	-3.91009196180863
MIMAT0004695	hsa-miR-337-5p	-0.297548351648351	6.9684	-2.20951707161567	0.0273157169744181	0.124804568934841	-3.94320791203536
MIMAT0005939	hsa-miR-1281	-0.114865934065932	6.48141245136187	-2.19444169311467	0.0283833594316533	0.127484580498104	-3.97520791139102
MIMAT0000770	hsa-miR-133b	-0.291885714285719	6.58233618677043	-2.17571585616338	0.0297594885549079	0.13143774111751	-4.01465389493796
MIMAT0000438	hsa-miR-152-3p	-0.442183516483516	8.20097587548638	-2.15672440728992	0.031213417819804	0.132610168159079	-4.0543167415328
MIMAT0004494	hsa-miR-21-3p	0.618702197802202	9.3393579766537	2.15439790392094	0.0313956561089865	0.132610168159079	-4.05915181853362
MIMAT0005948	hsa-miR-664*	0.328275824175827	7.12926848249027	2.15273858035572	0.0315261909208377	0.132610168159079	-4.06259715854523
MIMAT0000435	hsa-miR-143-3p	-0.561458241758244	8.72763035019455	-2.13250189452898	0.0331560332827693	0.136259517293713	-4.10440361909657
MIMAT0003886	hsa-miR-769-5p	0.314167032967036	7.87214941634241	2.12633339165296	0.0336669797294263	0.136259517293713	-4.11706902807306
MIMAT0001638	hsa-miR-409-5p	-0.168552747252746	6.53576186770428	-2.12311378024598	0.0339363326090003	0.136259517293713	-4.12366519279612
MIMAT0002890	hsa-miR-299-5p	-0.344460439560441	6.9578373540856	-2.11231763481894	0.0348530422724449	0.137678943996627	-4.14571132390601
MIMAT0000681	hsa-miR-29c-3p	0.487000000000002	13.2919058365759	2.10336261074858	0.0356294046985533	0.137678943996627	-4.16391315369015
MIMAT0000688	hsa-miR-301a-3p	0.62058901098901	9.3810140077821	2.09661649216469	0.036223975481828	0.137678943996627	-4.17757449384173
MIMAT0000457	hsa-miR-188-5p	0.307109890109889	7.228953307393	2.09049223767754	0.0367710503423438	0.137678943996627	-4.18993878226097
MIMAT0000461	hsa-miR-195-5p	-0.781491208791206	10.6314715953307	-2.08919794424623	0.0368875661273981	0.137678943996627	-4.19254724079427
MIMAT0000093	hsa-miR-93-5p	0.352658241758238	10.7853727626459	2.06696289269599	0.0389389148306755	0.143316839307347	-4.23710821961288
MIMAT0000064	hsa-let-7c-5p	-0.4358	13.9096521400778	-2.05212765699054	0.0403608826904525	0.145688088185252	-4.26657596576559
MIMAT0004674	hsa-miR-30c-1-3p	-0.128495604395604	6.69275719844358	-2.04883177811211	0.0406827114177686	0.145688088185252	-4.27309406428276
MIMAT0004557	hsa-miR-34a-3p	-0.182139560439562	6.68003501945525	-2.03844045360567	0.0417116726401566	0.147381243328553	-4.29357635305781
MIMAT0000099	hsa-miR-101-3p	-0.466764835164831	9.17550428015564	-1.9982101930532	0.0459057379546043	0.160066059973291	-4.37189837987297
MIMAT0000447	hsa-miR-134-5p	0.245662637362635	7.21583657587549	1.98954133833919	0.0468546139973309	0.161252892328477	-4.38857216628429
MIMAT0000451	hsa-miR-150-5p	-0.96303956043956	11.0465167315175	-1.98210258273475	0.0476819669167252	0.161996426063233	-4.40282253983252
MIMAT0003945	hsa-miR-765	0.275838461538459	6.86242645914397	1.96658134680465	0.0494479072996182	0.164927526276239	-4.43238565826418
MIMAT0000415	hsa-let-7i-5p	-0.381789010989017	13.3244256809339	-1.96363342982982	0.0497894418947137	0.164927526276239	-4.43797442357851
MIMAT0004606	hsa-miR-136-3p	-0.221564835164837	6.79607937743191	-1.94390256284099	0.0521267344255851	0.169638613198555	-4.47516638121707
MIMAT0000266	hsa-miR-205-5p	-1.08902417582417	10.0846038910506	-1.93766900219238	0.0528839861121588	0.169638613198555	-4.48683881507009
MIMAT0000443	hsa-miR-125a-5p	0.478725274725274	9.78780622568093	1.93564286703014	0.0531320939452078	0.169638613198555	-4.49062475858868
MIMAT0004982	hsa-miR-939-5p	0.372790109890114	7.5698233463035	1.92320777824438	0.0546762298807275	0.169699968149662	-4.51377416693803
MIMAT0003163	hsa-miR-539-5p	-0.162134065934066	6.61341789883268	-1.92293754373341	0.0547101981158132	0.169699968149662	-4.51427559441441
MIMAT0004610	hsa-miR-150-3p	0.250926373626375	7.31455642023346	1.9184527115354	0.0552765151261724	0.169699968149662	-4.52258709534793
MIMAT0004748	hsa-miR-423-5p	0.230847252747256	7.60769961089494	1.90873930527792	0.0565198466060578	0.169699968149662	-4.54052229310489
MIMAT0000094	hsa-miR-95-3p	-0.397669230769229	7.13752140077821	-1.90787647426807	0.0566314085893391	0.169699968149662	-4.54211107998106
MIMAT0002175	hsa-miR-485-5p	-0.0936340659340642	6.36405214007782	-1.90466447204185	0.057048326870948	0.169699968149662	-4.54801927109312
MIMAT0000417	hsa-miR-15b-5p	0.357152747252748	13.0394856031128	1.89904736683342	0.0577835711810489	0.169699968149662	-4.5583276467933
MIMAT0003340	hsa-miR-542-5p	-0.371910989010987	7.59227392996109	-1.89533110135906	0.0582743286853557	0.169699968149662	-4.56513101014379
MIMAT0000753	hsa-miR-342-3p	0.661806593406586	10.6810832684825	1.88679228198648	0.0594150804856525	0.171141264442369	-4.58071282141883
MIMAT0002171	hsa-miR-410-3p	-0.226163736263737	6.87033073929961	-1.86062666322651	0.0630267615859154	0.178056612400176	-4.62802473632763
MIMAT0000244	hsa-miR-30c-5p	-0.426835164835161	10.2465914396887	-1.85968748222064	0.0631597040211944	0.178056612400176	-4.62971072240215
MIMAT0000757	hsa-miR-151-3p	0.374902197802202	9.62780622568093	1.82245933609116	0.0686192206106943	0.191411510124568	-4.6958595609178
MIMAT0000231	hsa-miR-199a-5p	-0.510168131868127	8.79183657587549	-1.81740534938357	0.0693894745877356	0.191543862143228	-4.70473717581555
MIMAT0003233	hsa-miR-551b-3p	-0.473416483516486	7.84478910505837	-1.81267762480543	0.0701164260343059	0.191555184526712	-4.71301949420375
MIMAT0000084	hsa-miR-27a-3p	-0.372964835164833	13.5639556420233	-1.80460783904211	0.0713717129795941	0.192446676937459	-4.72710706515886
MIMAT0000263	hsa-miR-199b-5p	-0.645754945054943	8.69252140077821	-1.8012770835357	0.0718951736483337	0.192446676937459	-4.73290339603532
MIMAT0003150	hsa-miR-455-5p	-0.280135164835165	7.06540544747082	-1.79133813075175	0.0734759191758976	0.194711185816129	-4.75013629134609
MIMAT0004595	hsa-miR-135a-3p	0.236765934065938	7.07800233463035	1.77789399616491	0.0756593169993619	0.198512069354761	-4.77329579438961
MIMAT0000446	hsa-miR-127-3p	-0.417205494505494	8.16474708171206	-1.77104347274611	0.0767921020309717	0.199508892531446	-4.78503007230589
MIMAT0004568	hsa-miR-221-5p	-0.278131868131872	6.92767392996109	-1.75831358958806	0.0789338281088886	0.201822072806174	-4.80671542166195
MIMAT0004767	hsa-miR-193b-5p	0.170718681318682	6.8665579766537	1.75671818199524	0.0792056436673285	0.201822072806174	-4.80942222172799
MIMAT0004951	hsa-miR-887-3p	0.283548351648355	6.83238832684825	1.73533959800173	0.0829220519158669	0.209279464359093	-4.84545765103241
MIMAT0004954	hsa-miR-543	-0.0878450549450527	6.37227392996109	-1.71932294570303	0.0857980500277446	0.214495125069361	-4.87216738212545
MIMAT0000756	hsa-miR-326	0.167583516483516	6.6841392996109	1.69332609744729	0.0906374405623222	0.224377380552575	-4.91499557253293
MIMAT0004602	hsa-miR-125a-3p	0.336216483516484	7.38630038910506	1.68910082797267	0.0914443664138795	0.224377380552575	-4.9218950833135
MIMAT0000434	hsa-miR-142-3p	-0.729089010989012	12.3390256809339	-1.66567153407694	0.0960242632357363	0.233453484013487	-4.95984178302561
MIMAT0000078	hsa-miR-23a-3p	-0.366180219780222	13.7027260700389	-1.65015231424537	0.0991578419162359	0.238880255525477	-4.98468660562232
MIMAT0000433	hsa-miR-142-5p	-0.539854945054945	8.67864591439689	-1.63250989232504	0.102818791191788	0.244847949336208	-5.01264924402909
MIMAT0000104	hsa-miR-107	0.322670329670332	10.3136793774319	1.62936329482049	0.103482906889265	0.244847949336208	-5.01760504632497
MIMAT0005593	hsa-miR-1238-3p	-0.088421978021981	6.57897431906615	-1.61580011178013	0.10638468618081	0.249486210954998	-5.03885771243704
MIMAT0002809	hsa-miR-146b-5p	-0.509585714285711	9.67042023346304	-1.61077432954659	0.107476187644098	0.249713216488724	-5.04668788164893
MIMAT0003237	hsa-miR-572	0.311817582417585	7.55740311284047	1.60670656421627	0.108366112815862	0.249713216488724	-5.05300767385037
MIMAT0004694	hsa-miR-342-5p	0.449485714285718	9.2240560311284	1.59018041829012	0.112041801293655	0.255957563300161	-5.07851948910758
MIMAT0003228	hsa-miR-564	0.0719736263736257	6.38183035019455	1.57575738431382	0.115329555323696	0.261216514194695	-5.1005700061723
MIMAT0003180	hsa-miR-487b-3p	-0.202946153846154	6.93800544747082	-1.55400440815225	0.120431289514316	0.270460099332997	-5.13344833197017
MIMAT0000279	hsa-miR-222-3p	-0.5072934065934	8.22986303501946	-1.54739944794685	0.122014869468243	0.27171378495029	-5.14334123589511
MIMAT0000437	hsa-miR-145-5p	-0.449254945054941	10.4006070038911	-1.54307062703447	0.123061540024447	0.27176090088732	-5.14980217080752
MIMAT0004761	hsa-miR-483-5p	0.378795604395609	7.78348326848249	1.5308723232745	0.126048764251507	0.274106258321305	-5.16791162565208
MIMAT0004774	hsa-miR-501-3p	0.138718681318679	6.8082373540856	1.52951604192387	0.126384365548637	0.274106258321305	-5.16991629970335
MIMAT0000101	hsa-miR-103a-3p	0.259795604395602	12.9290848249027	1.5261242862822	0.127226678390644	0.274106258321305	-5.17492179171129
MIMAT0004514	hsa-miR-29b-1-5p	-0.194709890109888	7.01197042801556	-1.50366699700525	0.132914532055687	0.284051217699655	-5.20778453271699
MIMAT0001341	hsa-miR-424-5p	-0.558290109890113	9.2003673151751	-1.4827761283455	0.1383807771489	0.293149409742682	-5.23791926729266
MIMAT0000416	hsa-miR-1-3p	-0.280158241758243	6.70470116731518	-1.47901058936302	0.139384247651238	0.293149409742682	-5.2433063104693
MIMAT0002176	hsa-miR-485-3p	-0.0639109890109912	6.35300622568093	-1.42543954332883	0.154274697372389	0.321029306724523	-5.31846736030606
MIMAT0000261	hsa-miR-183-5p	0.509564835164834	9.98095719844358	1.42271481156876	0.155063212304675	0.321029306724523	-5.32221635415384
MIMAT0003308	hsa-miR-638	0.411248351648352	10.079880155642	1.35774384951942	0.174784978918126	0.359054414056616	-5.40949264015345
MIMAT0000085	hsa-miR-28-5p	-0.305526373626371	8.26500077821012	-1.35199117385371	0.176617672531468	0.360028332467993	-5.41702431686901
MIMAT0003239	hsa-miR-574-3p	-0.265668131868128	8.02654396887159	-1.33412410231307	0.182401187233032	0.36829431788511	-5.44021342997634
MIMAT0004484	hsa-let-7d-3p	0.0485450549450528	6.32660077821012	1.32997102681742	0.183765442368445	0.36829431788511	-5.44555951714509
MIMAT0000258	hsa-miR-181c-5p	-0.288793406593411	8.00072996108949	-1.32521034251079	0.185338583454735	0.36829431788511	-5.45166730884253
MIMAT0003338	hsa-miR-660-5p	-0.330514285714282	8.85889494163424	-1.32252044105612	0.186231843760773	0.36829431788511	-5.45510870211376
MIMAT0000267	hsa-miR-210-3p	0.475884615384613	10.0271852140078	1.25381102397672	0.210140311852365	0.408965459766514	-5.5406497241634
MIMAT0004775	hsa-miR-502-3p	-0.147396703296702	7.48206225680934	-1.2510195636273	0.211156616560883	0.408965459766514	-5.54402880479583
MIMAT0000449	hsa-miR-146a-5p	-0.391043956043957	9.55095175097276	-1.24776064829632	0.212347607114603	0.408965459766514	-5.54796423782392
MIMAT0000077	hsa-miR-22-3p	-0.264230769230757	14.3399953307393	-1.24487544670433	0.213406069701637	0.408965459766514	-5.55143983251793
MIMAT0005938	hsa-miR-1274b	0.23031098901099	12.356586770428	1.24186657197529	0.214513958141681	0.408965459766514	-5.55505585813318
MIMAT0003389	hsa-miR-542-3p	-0.243649450549442	7.37166614785992	-1.23615150022384	0.216629707076203	0.410049088394241	-5.56190011995918
MIMAT0000088	hsa-miR-30a-3p	-0.43160989010989	9.4623439688716	-1.22934338858413	0.219169677509223	0.411914642127264	-5.57001228292362
MIMAT0000271	hsa-miR-214-3p	-0.359309890109888	11.089246692607	-1.2169077898113	0.223864279849178	0.41777488845093	-5.58471446943114
MIMAT0000761	hsa-miR-324-5p	0.193949450549448	8.44323813229572	1.20700682112615	0.22765317405749	0.42187476311353	-5.59631342102087
MIMAT0007890	hsa-miR-1914-3p	0.108097802197801	6.90594941634241	1.19468307632652	0.232432844273241	0.423889446604235	-5.6106185826634
MIMAT0003299	hsa-miR-630	0.189429670329673	6.85510272373541	1.19331734385946	0.232966889396496	0.423889446604235	-5.61219488290999
MIMAT0000081	hsa-miR-25-3p	0.212486813186812	8.90491828793774	1.1918564965571	0.233539091336673	0.423889446604235	-5.61387897158586
MIMAT0002817	hsa-miR-495-3p	-0.112678021978025	6.59091906614786	-1.17967326793569	0.238350033018069	0.429678630950941	-5.62784383695623
MIMAT0000254	hsa-miR-10b-5p	-0.45755274725275	10.2762832684825	-1.1658569518625	0.243890111803094	0.436695132620404	-5.64350737385847
MIMAT0000680	hsa-miR-106b-5p	0.200113186813192	12.2765891050584	1.15812869761064	0.247028191795557	0.439345441784045	-5.65218858318762
MIMAT0004599	hsa-miR-143-5p	-0.0967571428571432	6.72637743190661	-1.14658399431264	0.251768508626078	0.444731673391027	-5.66504952517973
MIMAT0000685	hsa-miR-34b-5p	-0.234345054945054	8.54307626459144	-1.14261411716681	0.253413142196397	0.444731673391027	-5.66944230993298
MIMAT0003294	hsa-miR-625-5p	0.298075824175823	7.80408482490272	1.13632725504491	0.256032948034166	0.446373231770092	-5.67636780265503
MIMAT0000281	hsa-miR-224-5p	-0.408314285714286	7.36663501945525	-1.12345942547952	0.261453700925027	0.45284464539302	-5.69042387405554
MIMAT0000226	hsa-miR-196a-5p	0.67835714285714	9.46462412451362	1.10676796602345	0.268602820988105	0.462206152999013	-5.70841864444924
MIMAT0000456	hsa-miR-186-5p	-0.170268131868136	8.37845836575876	-1.09413039068465	0.274104247410313	0.468629842346663	-5.72186417724869
MIMAT0000063	hsa-let-7b-5p	-0.226686813186806	15.7883704280156	-1.05452751053622	0.291841059597154	0.49575564611055	-5.76300075371016
MIMAT0004683	hsa-miR-362-3p	-0.190384615384618	7.62912062256809	-1.04166510849225	0.297764249092843	0.50214085882085	-5.77603563391329
MIMAT0003258	hsa-miR-590-5p	-0.331547252747256	8.95971906614786	-1.03816552295302	0.299389644127149	0.50214085882085	-5.77955451323189
MIMAT0002173	hsa-miR-483-3p	-0.0952791208791197	6.43525525291829	-0.988271190818376	0.323207169767127	0.53554329840752	-5.8284381020819
MIMAT0004550	hsa-miR-30c-2-3p	-0.194714285714283	7.375353307393	-0.987985738455096	0.32334689715171	0.53554329840752	-5.82871085771455
MIMAT0003888	hsa-miR-766-3p	-0.0740813186813263	6.99458443579767	-0.974231375016448	0.330126279766461	0.543375553652871	-5.84176021353456
MIMAT0004682	hsa-miR-361-3p	-0.155710989010991	8.56283424124514	-0.953783719147092	0.340373737797237	0.556784200717703	-5.86082215534694
MIMAT0000705	hsa-miR-362-5p	-0.165013186813185	8.1607906614786	-0.946181634229843	0.344235051876918	0.559393060173477	-5.8678061040569
MIMAT0002816	hsa-miR-494-3p	0.466951648351653	10.4225727626459	0.941740155765181	0.346503907082647	0.559393060173477	-5.87186061253199
MIMAT0000232	hsa-miR-199a-3p	-0.408883516483515	13.0493953307393	-0.938234674658205	0.348301339353297	0.559393060173477	-5.87504722278194
MIMAT0003329	hsa-miR-411-5p	-0.0626956043956053	6.42480856031128	-0.909379436452222	0.363321568565771	0.579880976637882	-5.90082679692735
MIMAT0004955	hsa-miR-374b-5p	-0.166807692307692	7.63465680933852	-0.904959090796343	0.365657855255053	0.579880976637882	-5.90470495164583
MIMAT0001618	hsa-miR-191-3p	-0.0484549450549423	6.50608171206226	-0.901255254612253	0.367622656887412	0.579880976637882	-5.90793995115012
MIMAT0002805	hsa-miR-489-3p	0.16301868131868	6.67138910505837	0.890367888253741	0.373436184111084	0.585565614138681	-5.91737246090857
MIMAT0000686	hsa-miR-34c-5p	-0.184873626373625	7.3634046692607	-0.874501881100515	0.38200952468272	0.595485435534828	-5.93091332617729
MIMAT0000095	hsa-miR-96-5p	0.363541758241757	10.3616708171206	0.867534968975272	0.385812042389376	0.597895855164823	-5.9367824169672
MIMAT0004589	hsa-miR-30b-3p	-0.0865901098901061	7.03387315175097	-0.857873631236501	0.391123315224003	0.601474545185339	-5.94484376070831
MIMAT0004614	hsa-miR-193a-5p	-0.172705494505493	8.498646692607	-0.852748331357782	0.393958880601899	0.601474545185339	-5.9490836645781
MIMAT0000727	hsa-miR-374a-5p	-0.25535824175824	8.22433463035019	-0.847007949986959	0.397149486615476	0.601474545185339	-5.95380226650543
MIMAT0000710	hsa-miR-365a-3p	0.220903296703304	9.67189494163424	0.846916985890277	0.397200171348809	0.601474545185339	-5.95387678290335
MIMAT0002821	hsa-miR-181d-5p	-0.146771428571429	7.54638521400778	-0.828834617559712	0.407352972852202	0.610359153033509	-5.96853084358382
MIMAT0000414	hsa-let-7g-5p	-0.293017582417585	11.0846949416342	-0.828267555529601	0.407673849384646	0.610359153033509	-5.96898528549088
MIMAT0000227	hsa-miR-197-3p	-0.176107692307694	7.93419610894942	-0.816292153702101	0.414485388852663	0.613644361867935	-5.97850977886521
MIMAT0000066	hsa-let-7e-5p	0.280275824175824	12.236353307393	0.816267642991613	0.41449939914853	0.613644361867935	-5.97852913107695
MIMAT0000072	hsa-miR-18a-5p	0.147900000000003	7.5385579766537	0.779684770486035	0.435721003142635	0.641478143515545	-6.00676580993405
MIMAT0000083	hsa-miR-26b-5p	-0.364906593406593	10.3207618677043	-0.760947443505658	0.446829025067459	0.654197191397109	-6.02072749415491
MIMAT0004780	hsa-miR-532-3p	-0.0812164835164824	7.1094233463035	-0.751969431848465	0.452208092812501	0.658434860413807	-6.02729701795852
MIMAT0000455	hsa-miR-185-5p	-0.127561538461537	9.38376108949416	-0.739065254347943	0.460003272298168	0.666124957153085	-6.03660300620873
MIMAT0004762	hsa-miR-486-3p	-0.0573692307692317	6.32883112840467	-0.729724115001716	0.465692743223923	0.668453670199166	-6.04323905525012
MIMAT0000068	hsa-miR-15a-5p	-0.192401098901099	12.2159081712062	-0.728148371182882	0.466656335799417	0.668453670199166	-6.04435016812897
MIMAT0000459	hsa-miR-193a-3p	0.136849450549454	8.1855859922179	0.718149261060293	0.472796696583823	0.670996903253544	-6.05134496328284
MIMAT0000426	hsa-miR-132-3p	-0.092991208791207	7.62482101167315	-0.717015176737687	0.473495927956275	0.670996903253544	-6.05213220085235
MIMAT0000692	hsa-miR-30e-5p	-0.139735164835166	8.77654941634241	-0.706602566207062	0.479942471113276	0.673737736500239	-6.05930212741402
MIMAT0004911	hsa-miR-874-3p	-0.0755362637362635	7.4418093385214	-0.705681775008207	0.480514838485076	0.673737736500239	-6.05993112333198
MIMAT0000245	hsa-miR-30d-5p	0.184772527472532	10.430893385214	0.693561302324447	0.488083571407624	0.680748139068528	-6.06813426960633
MIMAT0001536	hsa-miR-429	0.233479120879123	9.93474474708171	0.681491328295764	0.495684290347611	0.685366036988383	-6.07616212025321
MIMAT0000765	hsa-miR-335-5p	-0.167403296703299	7.36732373540856	-0.680095886869363	0.496567090950074	0.685366036988383	-6.07708115927895
MIMAT0003322	hsa-miR-652-3p	0.119735164835166	7.68889260700389	0.654135237179096	0.513142529524061	0.70219338916379	-6.09383559944037
MIMAT0001080	hsa-miR-196b-5p	-0.161350549450548	7.93212607003891	-0.65028862984109	0.515622837089924	0.70219338916379	-6.09626269488986
MIMAT0000069	hsa-miR-16-5p	-0.282137362637364	13.2083455252918	-0.648608190246972	0.516708342969581	0.70219338916379	-6.09731851295396
MIMAT0003885	hsa-miR-454-3p	0.161247252747257	7.62480622568093	0.60607296965247	0.544574072805657	0.734368523927091	-6.12313418025496
MIMAT0000420	hsa-miR-30b-5p	-0.142560439560437	9.78285291828794	-0.604036403742585	0.545926789485422	0.734368523927091	-6.12432633928865
MIMAT0000070	hsa-miR-17-5p	0.128358241758241	9.17433774319066	0.578951519484288	0.562724045585368	0.753140768081427	-6.13868153636233
MIMAT0000269	hsa-miR-212-3p	0.0427593406593409	6.58087548638132	0.571896359273415	0.567492899881525	0.755706625470372	-6.14260932572085
MIMAT0005949	hsa-miR-664	-0.0408494505494472	6.66395642023346	-0.5555469681477	0.578617958154644	0.766668794554903	-6.15152644050582
MIMAT0000087	hsa-miR-30a-5p	-0.234286813186818	10.8876832684825	-0.54426916293473	0.586351335925082	0.773050268756949	-6.15752681209164
MIMAT0002888	hsa-miR-532-5p	-0.089298901098898	8.26009027237354	-0.529789420692954	0.59635008729815	0.782340461059455	-6.16505043785092
MIMAT0000442	hsa-miR-9-3p	0.150928571428574	6.98992529182879	0.52212903627336	0.60167109781928	0.78337349738125	-6.16894873707879
MIMAT0000510	hsa-miR-320a	-0.107010989010989	9.41857587548638	-0.520149217672164	0.603049786663302	0.78337349738125	-6.16994701941783
MIMAT0000646	hsa-miR-155-5p	-0.16826373626373	9.09959610894942	-0.513874719823622	0.607428538072904	0.785212500435705	-6.1730857596987
MIMAT0000460	hsa-miR-194-5p	0.0771868131868105	7.46819143968872	0.501453527410587	0.616138458834475	0.792605298986096	-6.17918701120427
MIMAT0000691	hsa-miR-130b-3p	0.106990109890111	9.48271984435798	0.485274613958829	0.627564847433499	0.801404448675055	-6.18691027835066
MIMAT0000075	hsa-miR-20a-5p	-0.163954945054945	11.7099719844358	-0.483213703651998	0.629026888016647	0.801404448675055	-6.18787590851704
MIMAT0000062	hsa-let-7a-5p	-0.175801098901099	13.6320194552529	-0.462619428085201	0.643716041215572	0.816194980488643	-6.19729962395027
MIMAT0005929	hsa-miR-1275	0.123018681318676	8.28661712062257	0.453741542760416	0.650092005089813	0.816598908886183	-6.20123550611664
MIMAT0003266	hsa-miR-598-3p	-0.0633395604395615	6.68325758754864	-0.453594784977383	0.650197621792395	0.816598908886183	-6.20129992851182
MIMAT0000076	hsa-miR-21-5p	0.113292307692301	15.7598568093385	0.449050231391324	0.65347165922013	0.816839574025163	-6.20328454405292
MIMAT0004776	hsa-miR-505-5p	-0.047896703296705	6.81609805447471	-0.426313684960888	0.669951178429675	0.833507334666027	-6.21291364029627
MIMAT0000092	hsa-miR-92a-3p	0.0967736263736221	8.97298832684825	0.415721733097406	0.677683523060788	0.839187540238826	-6.21722867021709
MIMAT0004552	hsa-miR-139-3p	-0.0335065934065915	6.70865447470817	-0.403270298748675	0.686816936867238	0.842301582308986	-6.2221624512674
MIMAT0000762	hsa-miR-324-3p	-0.0675296703296713	9.14528171206226	-0.401552393134692	0.688080698628024	0.842301582308986	-6.22283138386479
MIMAT0002874	hsa-miR-503-5p	-0.0736769230769205	7.29266926070039	-0.399307093032727	0.689733748532264	0.842301582308986	-6.22370137359771
MIMAT0002813	hsa-miR-493-5p	-0.046625274725276	6.64790661478599	-0.388725820704706	0.69754381846776	0.84793170593558	-6.22773566660406
MIMAT0001412	hsa-miR-18b-5p	0.0647648351648362	7.35979688715953	0.377146823368066	0.706127196373142	0.852744374968322	-6.23202624383434
MIMAT0005893	hsa-miR-1305	0.0211648351648366	6.64116186770428	0.371220736735248	0.710534741232101	0.852744374968322	-6.23417196606031
MIMAT0000073	hsa-miR-19a-3p	0.0945813186813211	9.73678988326848	0.370385641583115	0.711156629690563	0.852744374968322	-6.23447160679774
MIMAT0001413	hsa-miR-20b-5p	-0.109362637362636	9.56051906614786	-0.357462969550266	0.720804344872341	0.858165476559405	-6.2390223945446
MIMAT0000318	hsa-miR-200b-3p	0.139238461538463	12.6838054474708	0.355659511043973	0.722154344425461	0.858165476559405	-6.23964464519756
MIMAT0000419	hsa-miR-27b-3p	-0.0828637362637394	10.250833463035	-0.34211367528975	0.732321673146393	0.858837894410019	-6.2442178120619
MIMAT0000082	hsa-miR-26a-5p	-0.0727296703296698	11.1084832684825	-0.341351284867344	0.732895333734255	0.858837894410019	-6.24446992341558
MIMAT0000100	hsa-miR-29b-3p	-0.108992307692306	9.67240233463035	-0.337384298574415	0.735882696861816	0.858837894410019	-6.2457726719748
MIMAT0004945	hsa-miR-744-5p	-0.0386912087912101	6.72751439688716	-0.336337407151966	0.736671734226658	0.858837894410019	-6.24611392936219
MIMAT0000707	hsa-miR-363-3p	-0.121253846153845	8.05356575875486	-0.33335023446106	0.738924678964092	0.858837894410019	-6.24708183489188
MIMAT0000074	hsa-miR-19b-3p	0.0675197802197776	10.6364513618677	0.325485558762747	0.744866962468522	0.860603998156991	-6.24958886542289
MIMAT0002174	hsa-miR-484	0.0288780219780218	6.89767003891051	0.321008596434611	0.748256432746891	0.860603998156991	-6.25098926212848
MIMAT0005865	hsa-miR-1202	0.140075824175828	11.4053190661479	0.316867959186055	0.751395617670157	0.860603998156991	-6.25226719439421
MIMAT0000080	hsa-miR-24-3p	-0.0481219780219764	12.2451805447471	-0.314181627262928	0.753434443669517	0.860603998156991	-6.25308740981859
MIMAT0005792	hsa-miR-320b	-0.0708857142857102	10.8157657587549	-0.307330501213577	0.758641961674861	0.862833132376988	-6.25514764777795
MIMAT0000752	hsa-miR-328-3p	0.0134956043956089	6.36844513618677	0.289894738058011	0.771943857236968	0.874209923794003	-6.26018598823923
MIMAT0004697	hsa-miR-151-5p	-0.067279120879121	8.93391284046693	-0.279925562667304	0.779579975722469	0.87910082368704	-6.26293456822508
MIMAT0005942	hsa-miR-1288-3p	0.0088538461538441	6.3253486381323	0.274117971006322	0.784038322390048	0.880382014548147	-6.26449143966852
MIMAT0000759	hsa-miR-148b-3p	-0.0381483516483527	9.49412840466926	-0.219106065074262	0.826602460116085	0.924260134728956	-6.27762005875158
MIMAT0004571	hsa-miR-200b-5p	-0.0379604395604414	7.62304980544747	-0.186180840025291	0.852332535683956	0.945544897618021	-6.28407684725657
MIMAT0000256	hsa-miR-181a-5p	0.0497967032967033	9.53792529182879	0.185274912747477	0.853042852481288	0.945544897618021	-6.28423967487351
MIMAT0005793	hsa-miR-320c	-0.0344439560439564	10.9925229571984	-0.176396005542113	0.860010828084447	0.945544897618021	-6.28579349724869
MIMAT0004493	hsa-miR-20a-3p	0.030206593406592	7.25948560311284	0.174256075535099	0.861691853936021	0.945544897618021	-6.2861565794425
MIMAT0000682	hsa-miR-200a-3p	0.0675000000000026	11.1713642023346	0.171982265716591	0.863478736692683	0.945544897618021	-6.28653752115298
MIMAT0005954	hsa-miR-720	0.036241758241756	14.9992793774319	0.15415256331264	0.877513815614183	0.953947884016112	-6.28935118148236
MIMAT0000257	hsa-miR-181b-5p	-0.0383901098901056	9.10883813229572	-0.153089350156219	0.878352013962005	0.953947884016112	-6.28950924522983
MIMAT0000222	hsa-miR-192-5p	-0.0389615384615389	8.36003968871595	-0.137446861307705	0.890699272300484	0.963409416978074	-6.29170831217543
MIMAT0005927	hsa-miR-1274a	0.0275197802197784	9.33834552529183	0.128448503920489	0.897814285518859	0.964686283159033	-6.29286604288124
MIMAT0000418	hsa-miR-23b-3p	0.0291318681318717	10.3788715953307	0.126652376278856	0.89923549007352	0.964686283159033	-6.2930877518192
MIMAT0000096	hsa-miR-98-5p	0.0433604395604359	8.77613229571984	0.122148365810283	0.902800748012982	0.964686283159033	-6.29362998412362
MIMAT0003330	hsa-miR-654-5p	-0.00424835164835358	6.35598754863813	-0.110280803918825	0.912204018822922	0.969492417243161	-6.29496469482686
MIMAT0000253	hsa-miR-10a-5p	-0.0480351648351682	8.95568171206226	-0.106319100836692	0.915345885522527	0.969492417243161	-6.29537991249705
MIMAT0000065	hsa-let-7d-5p	0.0273010989011038	9.96078988326848	0.0919044931326337	0.926788344379857	0.969492417243161	-6.29676250586451
MIMAT0000760	hsa-miR-331-3p	0.0165846153846196	10.060013229572	0.0913149237087171	0.927256689652955	0.969492417243161	-6.29681477475299
MIMAT0000703	hsa-miR-361-5p	-0.0121164835164809	10.3716023346303	-0.0789638415056727	0.937073762032084	0.969492417243161	-6.29783243476521
MIMAT0000763	hsa-miR-338-3p	-0.0296703296703242	8.96168249027237	-0.0773670431167349	0.938343684654836	0.969492417243161	-6.29795322518476
MIMAT0004795	hsa-miR-574-5p	-0.0190813186813266	9.01170116731518	-0.0703089982309869	0.943958735403932	0.969492417243161	-6.29845757550865
MIMAT0005898	hsa-miR-1246	-0.0304604395604375	10.2971081712062	-0.0700323152260203	0.944178910108011	0.969492417243161	-6.29847636461198
MIMAT0004587	hsa-miR-23b-5p	0.00537252747252737	6.59906770428016	0.0649375597750011	0.948233884879293	0.969492417243161	-6.29880909950913
MIMAT0000755	hsa-miR-323-3p	0.00235164835164703	6.31399766536965	0.0591753608602462	0.952821698315214	0.969492417243161	-6.2991551533327
MIMAT0006764	hsa-miR-320d	0.012154945054947	11.445960311284	0.0577691406243346	0.953941562331558	0.969492417243161	-6.29923472742894
MIMAT0000067	hsa-let-7f-5p	-0.0249274725274731	11.1971610894942	-0.0544784263518527	0.95656252265885	0.969492417243161	-6.29941346085059
MIMAT0005901	hsa-miR-1249-3p	-0.00759780219780204	7.23367859922179	-0.0543987342712803	0.956626001081063	0.969492417243161	-6.29941765931702
MIMAT0002872	hsa-miR-501-5p	0.00323296703296805	6.4396420233463	0.052024853335232	0.958517031387578	0.969492417243161	-6.29953990558204
MIMAT0005911	hsa-miR-1260	0.00962307692307895	10.9201517509728	0.0442802538551964	0.964687938127313	0.97202396807505	-6.29990080586959
MIMAT0000424	hsa-miR-128-3p	0.00806043956044444	8.06314785992218	0.0378567817022187	0.969807791907314	0.973481306270599	-6.30015610423875
MIMAT0004594	hsa-miR-132-5p	0.00188021978022057	6.85515252918288	0.0178929053377814	0.985727085524243	0.985727085524243	-6.30069465514868
