	name	logFC	AveExpr	t	P.Value	adj.P.Val	B
MIMAT0004673	hsa-miR-29c-5p	0.859310526315786	8.96772529182879	3.88557910804041	0.000107326171007308	0.0284414353169367	1.05758128359835
MIMAT0004694	hsa-miR-342-5p	0.937638596491229	9.2240560311284	3.35079267780583	0.000829365544998355	0.0653540946173795	-0.735135959479554
MIMAT0001627	hsa-miR-433-3p	-0.0925333333333329	6.27891595330739	-3.30735444307652	0.000968038984687528	0.0653540946173795	-0.869345086023981
MIMAT0004597	hsa-miR-140-3p	-0.628787719298247	9.59469105058366	-3.30202024288909	0.000986476899884973	0.0653540946173795	-0.885707389597385
MIMAT0002819	hsa-miR-193b-3p	0.758126315789474	10.7121447470817	3.12911680695178	0.00179304585749646	0.0819567553768262	-1.40201943483269
MIMAT0004603	hsa-miR-125b-2-3p	-0.467152631578944	7.14102023346303	-3.08747545364953	0.00206216369033118	0.0819567553768262	-1.52228586446713
MIMAT0002876	hsa-miR-505-3p	-0.3868	7.33861167315175	-3.07288750616268	0.00216489542504824	0.0819567553768262	-1.56404296957549
MIMAT0002177	hsa-miR-486-5p	-0.725207017543861	7.22713073929961	-2.96337152993577	0.00309929666051801	0.102664201879659	-1.87130597290202
MIMAT0000250	hsa-miR-139-5p	-0.424801754385967	6.96758521400778	-2.80002903610415	0.00518682873606716	0.139273279244914	-2.30916184875273
MIMAT0000089	hsa-miR-31-5p	-0.664935087719297	7.22952684824903	-2.77504322615107	0.00559998095386131	0.139273279244914	-2.3739792488207
MIMAT0000681	hsa-miR-29c-3p	0.633675438596489	13.2919058365759	2.76460848346548	0.00578115498752475	0.139273279244914	-2.40087894403723
MIMAT0005593	hsa-miR-1238-3p	-0.143935087719298	6.57897431906615	-2.65690275116502	0.00798459787988567	0.176326536514142	-2.67268421991422
MIMAT0000278	hsa-miR-221-3p	-0.585299999999998	8.15734630350195	-2.51915226208947	0.0118851365031605	0.24227393641058	-3.00475015562071
MIMAT0000451	hsa-miR-150-5p	-1.16285438596491	11.0465167315175	-2.4176248374582	0.0157615428095214	0.269244633394687	-3.2382991319432
MIMAT0000753	hsa-miR-342-3p	0.836540350877192	10.6810832684825	2.40913684363652	0.016131201413419	0.269244633394687	-3.25739369449429
MIMAT0002805	hsa-miR-489-3p	0.434629824561407	6.67138910505837	2.3979118345954	0.016631763685343	0.269244633394687	-3.28254329753458
MIMAT0004605	hsa-miR-129-3p	-0.182529824561406	6.51305992217899	-2.37136220760726	0.0178703998692727	0.269244633394687	-3.34156465202846
MIMAT0000705	hsa-miR-362-5p	-0.407656140350879	8.1607906614786	-2.36119265946294	0.0183658593903025	0.269244633394687	-3.36399971487686
MIMAT0000736	hsa-miR-381-3p	-0.408650877192986	7.39617276264591	-2.32399061433109	0.0202823637201917	0.269244633394687	-3.44525721939268
MIMAT0000732	hsa-miR-378a-3p	-0.284426315789468	6.93282568093385	-2.32328486043359	0.0203203496901651	0.269244633394687	-3.44678638246908
MIMAT0000255	hsa-miR-34a-5p	-0.415221052631582	13.1716653696498	-2.25174530196293	0.0245078380148393	0.296876454286488	-3.59940303889223
MIMAT0000088	hsa-miR-30a-3p	0.780877192982462	9.4623439688716	2.24670542827149	0.0248292321112418	0.296876454286488	-3.60997626341687
MIMAT0005898	hsa-miR-1246	-0.961198245614026	10.2971081712062	-2.23232211248282	0.0257666356550537	0.296876454286488	-3.64002203020992
MIMAT0000279	hsa-miR-222-3p	-0.690989473684208	8.22986303501946	-2.12910081007669	0.0334369223368085	0.36919935080226	-3.85002765002915
MIMAT0000450	hsa-miR-149-5p	0.609438596491232	7.9295486381323	2.05310630083865	0.0402657393958394	0.411334689363833	-3.99833398592399
MIMAT0000244	hsa-miR-30c-5p	0.459956140350881	10.2465914396887	2.02431349822649	0.0431458500659909	0.411334689363833	-4.05312632824878
MIMAT0000433	hsa-miR-142-5p	-0.661975438596485	8.67864591439689	-2.02209794391068	0.0433745165801466	0.411334689363833	-4.05731065651748
MIMAT0005939	hsa-miR-1281	-0.104738596491228	6.48141245136187	-2.0212550655586	0.0434617784988201	0.411334689363833	-4.05890133387647
MIMAT0003294	hsa-miR-625-5p	0.515619298245611	7.80408482490272	1.98558008040656	0.047293674911667	0.43216633971006	-4.12562305384187
MIMAT0000095	hsa-miR-96-5p	0.815387719298242	10.3616708171206	1.96552433984076	0.0495701411909194	0.437869580519788	-4.16261432670895
MIMAT0000280	hsa-miR-223-3p	-0.713600000000007	10.4669478599222	-1.90863813155262	0.0565329186406742	0.447789711427784	-4.26550617665557
MIMAT0000420	hsa-miR-30b-5p	0.443842105263155	9.78285291828794	1.89965248753097	0.0577039875176908	0.447789711427784	-4.28148413995758
MIMAT0004504	hsa-miR-31-3p	-0.440036842105265	6.97454785992218	-1.86219518937578	0.0628052508202691	0.447789711427784	-4.34728194462889
MIMAT0002814	hsa-miR-432-5p	-0.164701754385961	6.65606303501946	-1.84789669801245	0.0648485360900032	0.447789711427784	-4.37205523291843
MIMAT0000074	hsa-miR-19b-3p	-0.375831578947368	10.6364513618677	-1.8301030584928	0.0674676555383595	0.447789711427784	-4.40261898414033
MIMAT0004550	hsa-miR-30c-2-3p	0.355052631578944	7.375353307393	1.81981470282398	0.0690213944194762	0.447789711427784	-4.42015689349654
MIMAT0005948	hsa-miR-664*	0.273792982456136	7.12926848249027	1.81366169287319	0.0699645988348249	0.447789711427784	-4.43059855361625
MIMAT0000761	hsa-miR-324-5p	0.288312280701751	8.44323813229572	1.81244938115946	0.0701516793105979	0.447789711427784	-4.43265169959237
MIMAT0000436	hsa-miR-144-3p	-0.623578947368423	7.7847766536965	-1.78826918983364	0.0739697318267998	0.447789711427784	-4.47331754955859
MIMAT0000452	hsa-miR-154-5p	-0.216599999999993	6.96640389105058	-1.78583679079807	0.0743630474097025	0.447789711427784	-4.47737824564173
MIMAT0000104	hsa-miR-107	0.347245614035094	10.3136793774319	1.77123929552872	0.0767595301645466	0.447789711427784	-4.50163209549702
MIMAT0004945	hsa-miR-744-5p	0.201108771929828	6.72751439688716	1.76593803886566	0.0776452945091588	0.447789711427784	-4.51039115783226
MIMAT0004689	hsa-miR-377-5p	-0.0976789473684212	6.38472840466926	-1.76472704634315	0.0778487991626991	0.447789711427784	-4.51238836950627
MIMAT0004494	hsa-miR-21-3p	-0.501336842105259	9.3393579766537	-1.76341874918152	0.0780691441062925	0.447789711427784	-4.5145445277947
MIMAT0000682	hsa-miR-200a-3p	0.684807017543866	11.1713642023346	1.76250220585356	0.0782238120238275	0.447789711427784	-4.51605410283799
MIMAT0000415	hsa-let-7i-5p	-0.336685964912276	13.3244256809339	-1.74921655818919	0.0804939573103372	0.447789711427784	-4.53784828643642
MIMAT0000423	hsa-miR-125b-5p	-0.513142105263164	13.3319828793774	-1.72297027101432	0.0851361281586485	0.447789711427784	-4.58042126121646
MIMAT0000763	hsa-miR-338-3p	0.652763157894737	8.96168249027237	1.71937590233409	0.085788409679638	0.447789711427784	-4.58620167458425
MIMAT0004767	hsa-miR-193b-5p	0.163838596491228	6.8665579766537	1.70301644447422	0.0888084657603458	0.447789711427784	-4.61235896692112
MIMAT0000687	hsa-miR-299-3p	-0.139880701754384	6.58078443579767	-1.70044776800373	0.0892903578759496	0.447789711427784	-4.61644344314573
MIMAT0004614	hsa-miR-193a-5p	-0.339428070175439	8.498646692607	-1.69294969096391	0.0907090917688232	0.447789711427784	-4.62833110878114
MIMAT0000092	hsa-miR-92a-3p	-0.388828070175439	8.97298832684825	-1.68727121416713	0.0917955680696349	0.447789711427784	-4.6372991367867
MIMAT0003886	hsa-miR-769-5p	0.245814035087714	7.87214941634241	1.68057925580015	0.0930893681484904	0.447789711427784	-4.64782926326785
MIMAT0000729	hsa-miR-376a-3p	-0.393054385964909	8.27417042801556	-1.67866052976227	0.0934630186831794	0.447789711427784	-4.65084079030802
MIMAT0000431	hsa-miR-140-5p	-0.384503508771926	10.3465035019455	-1.67754034994616	0.0936817175788048	0.447789711427784	-4.65259737998554
MIMAT0000077	hsa-miR-22-3p	-0.351464912280692	14.3399953307393	-1.67265379662303	0.0946405572519213	0.447789711427784	-4.66024648971278
MIMAT0004484	hsa-let-7d-3p	0.0601350877193001	6.32660077821012	1.66420455247539	0.0963170322693725	0.447789711427784	-4.67342001336158
MIMAT0000086	hsa-miR-29a-3p	-0.290524561403508	13.9115229571984	-1.65565143601934	0.0980382638451857	0.447933446878866	-4.68668785193903
MIMAT0000728	hsa-miR-375	0.880794736842105	9.54410350194552	1.64224765535704	0.100785037950561	0.45267856028642	-4.70734328674528
MIMAT0000261	hsa-miR-183-5p	0.572356140350882	9.98095719844358	1.61423337825552	0.106724002093492	0.464982486202629	-4.74997395199722
MIMAT0000455	hsa-miR-185-5p	-0.275573684210523	9.38376108949416	-1.61280682696543	0.107033704371171	0.464982486202629	-4.75212526310476
MIMAT0000443	hsa-miR-125a-5p	0.390929824561402	9.78780622568093	1.59668502764771	0.11058348869238	0.472655233927109	-4.77630610529465
MIMAT0004814	hsa-miR-654-3p	-0.236319298245616	7.09719299610895	-1.57682056343029	0.115084637310432	0.484086172813722	-4.80576785253805
MIMAT0000067	hsa-let-7f-5p	0.696538596491227	11.1971610894942	1.53770514755494	0.12436859370094	0.514963708292953	-4.8627076156596
MIMAT0000253	hsa-miR-10a-5p	0.677238596491222	8.95568171206226	1.51417225641324	0.130229752827733	0.51958376386882	-4.89627775544709
MIMAT0000066	hsa-let-7e-5p	0.510828070175444	12.236353307393	1.50280721237497	0.133136148553751	0.51958376386882	-4.91230553775087
MIMAT0000434	hsa-miR-142-3p	-0.651099999999996	12.3390256809339	-1.50258164894668	0.133194336757703	0.51958376386882	-4.91262242563616
MIMAT0001631	hsa-miR-451	-0.879728070175439	12.0230038910506	-1.50206707406135	0.133327154502188	0.51958376386882	-4.91334516044254
MIMAT0000770	hsa-miR-133b	-0.198047368421051	6.58233618677043	-1.4912140495219	0.136152416379029	0.522904207832502	-4.92853108094772
MIMAT0000730	hsa-miR-377-3p	-0.35551578947368	8.26683968871595	-1.47643711354875	0.140073267549896	0.523489767276472	-4.94903108135217
MIMAT0004571	hsa-miR-200b-5p	0.29787192982456	7.62304980544747	1.47575718280187	0.140255748968413	0.523489767276472	-4.94996945225993
MIMAT0000737	hsa-miR-382-5p	-0.163698245614034	6.83304046692607	-1.45863350318702	0.144912053462531	0.529626530879059	-4.97345979707258
MIMAT0001639	hsa-miR-409-3p	-0.173073684210525	7.05082101167315	-1.44249840674303	0.149407178142908	0.529626530879059	-4.99534401083743
MIMAT0005901	hsa-miR-1249-3p	-0.198338596491228	7.23367859922179	-1.43446389429023	0.151684900009071	0.529626530879059	-5.00615083899981
MIMAT0004600	hsa-miR-144-5p	-0.270296491228063	6.64377898832685	-1.42771402658655	0.153618819719745	0.529626530879059	-5.01518325861887
MIMAT0001536	hsa-miR-429	0.482135087719298	9.93474474708171	1.42155149734469	0.15540079768198	0.529626530879059	-5.02339264695692
MIMAT0003237	hsa-miR-572	0.272952631578949	7.55740311284047	1.42070800508952	0.15564592216389	0.529626530879059	-5.02451354811472
MIMAT0000691	hsa-miR-130b-3p	-0.308522807017544	9.48271984435798	-1.41355524712014	0.157736383852777	0.529626530879059	-5.03399206319539
MIMAT0000281	hsa-miR-224-5p	-0.508161403508772	7.36663501945525	-1.41236213921611	0.158087143760242	0.529626530879059	-5.03556847634219
MIMAT0000087	hsa-miR-30a-5p	0.599268421052626	10.8876832684825	1.40627044806309	0.159887254604999	0.529626530879059	-5.04359654212829
MIMAT0000425	hsa-miR-130a-3p	-0.358608771929827	10.8553813229572	-1.39100028686747	0.164467787406007	0.536513798084202	-5.06356863269495
MIMAT0003879	hsa-miR-758-3p	-0.149568421052631	6.7220326848249	-1.37961982517206	0.167945390104839	0.536513798084202	-5.07831196619794
MIMAT0004951	hsa-miR-887-3p	0.222215789473686	6.83238832684825	1.37376939889763	0.169754519117761	0.536513798084202	-5.08584417859021
MIMAT0000460	hsa-miR-194-5p	0.209184210526312	7.46819143968872	1.37277086784946	0.170064751090841	0.536513798084202	-5.08712656347472
MIMAT0000733	hsa-miR-379-5p	-0.239845614035082	7.43070661478599	-1.35660563870497	0.175146458970985	0.542776633918315	-5.10775777032312
MIMAT0000693	hsa-miR-30e-3p	0.277391228070181	8.65674941634241	1.35064106340108	0.17704986220701	0.542776633918315	-5.11530865043349
MIMAT0000101	hsa-miR-103a-3p	0.227014035087718	12.9290848249027	1.34707689395381	0.178194593022239	0.542776633918315	-5.11980489327265
MIMAT0002175	hsa-miR-485-5p	-0.0647438596491217	6.36405214007782	-1.3303464596849	0.183641805193668	0.544695849296028	-5.14075223761387
MIMAT0000446	hsa-miR-127-3p	-0.310068421052629	8.16474708171206	-1.32959175669909	0.183890405884347	0.544695849296028	-5.14169101104539
MIMAT0000096	hsa-miR-98-5p	0.46607192982456	8.77613229571984	1.32625949493773	0.184991043157142	0.544695849296028	-5.14582965430341
MIMAT0000062	hsa-let-7a-5p	0.492696491228067	13.6320194552529	1.30967435978611	0.190541721191553	0.554874243030346	-5.1662742329044
MIMAT0004775	hsa-miR-502-3p	-0.151214035087717	7.48206225680934	-1.2964327919529	0.195060781164646	0.56185985878947	-5.18241300402561
MIMAT0000720	hsa-miR-376c-3p	-0.312177192982455	8.41846381322957	-1.28531443655726	0.198915612634224	0.565925601963949	-5.19583770084711
MIMAT0000756	hsa-miR-326	0.125415789473683	6.6841392996109	1.28009762758724	0.200743421074005	0.565925601963949	-5.20209691617197
MIMAT0004780	hsa-miR-532-3p	-0.133673684210528	7.1094233463035	-1.25021152076623	0.211451468899663	0.583836941971535	-5.23746543314804
MIMAT0000265	hsa-miR-204-5p	-0.184991228070174	6.60559377431907	-1.24144366662885	0.214670006980144	0.583836941971535	-5.24768359559423
MIMAT0004954	hsa-miR-543	-0.0626017543859598	6.37227392996109	-1.23767955937787	0.216062544717727	0.583836941971535	-5.25204832461918
MIMAT0000243	hsa-miR-148a-3p	-0.408608771929819	10.7076140077821	-1.23722434137549	0.216231393736385	0.583836941971535	-5.25257528363963
MIMAT0005796	hsa-miR-1271-5p	-0.120882456140347	6.8618560311284	-1.23216964980267	0.218112668887479	0.583836941971535	-5.25841358600597
MIMAT0002809	hsa-miR-146b-5p	-0.377063157894739	9.67042023346304	-1.20396296961294	0.22882713569044	0.593078582371876	-5.29055530655078
MIMAT0000318	hsa-miR-200b-3p	0.466542105263155	12.6838054474708	1.20378140275195	0.228897299053613	0.593078582371876	-5.29075979825171
MIMAT0000456	hsa-miR-186-5p	-0.18465438596491	8.37845836575876	-1.19860728103279	0.230903196356092	0.593078582371876	-5.29657427940196
MIMAT0000752	hsa-miR-328-3p	0.0549333333333362	6.36844513618677	1.1919705347387	0.233494387650454	0.593078582371876	-5.30399582347183
MIMAT0000257	hsa-miR-181b-5p	-0.295833333333329	9.10883813229572	-1.19166533222694	0.23361404258555	0.593078582371876	-5.30433612757507
MIMAT0001638	hsa-miR-409-5p	-0.0930807017543884	6.53576186770428	-1.18434616013899	0.236496575407172	0.593078582371876	-5.31247104113593
MIMAT0000449	hsa-miR-146a-5p	-0.366868421052633	9.55095175097276	-1.18249036658137	0.23723143294875	0.593078582371876	-5.31452572169884
MIMAT0000710	hsa-miR-365a-3p	0.303375438596493	9.67189494163424	1.17489927831796	0.240254167045542	0.595022002495969	-5.32289688531308
MIMAT0000098	hsa-miR-100-5p	-0.367491228070177	10.3857408560311	-1.16902357117487	0.242612427843289	0.595299012763626	-5.32933946203765
MIMAT0002888	hsa-miR-532-5p	-0.190199999999999	8.26009027237354	-1.13985406807222	0.254560975138693	0.618886774419757	-5.36084600590998
MIMAT0000080	hsa-miR-24-3p	-0.170266666666667	12.2451805447471	-1.12291923727915	0.261682987074487	0.624319143144505	-5.37877318004851
MIMAT0003322	hsa-miR-652-3p	0.202750877192981	7.68889260700389	1.11889708841624	0.263394587276204	0.624319143144505	-5.38299166649778
MIMAT0004557	hsa-miR-34a-3p	-0.0988754385964903	6.68003501945525	-1.1177990652814	0.263863185027112	0.624319143144505	-5.38414066390162
MIMAT0004594	hsa-miR-132-5p	0.114564912280705	6.85515252918288	1.10129951463225	0.270973975093334	0.635469941590563	-5.40127062375152
MIMAT0000065	hsa-let-7d-5p	0.316908771929823	9.96078988326848	1.077636890919	0.281399472020939	0.654130351627621	-5.42539360806601
MIMAT0000258	hsa-miR-181c-5p	0.228870175438594	8.00072996108949	1.06088502538247	0.288942870266308	0.661624971611309	-5.44215523892981
MIMAT0000275	hsa-miR-218-5p	-0.236138596491231	7.67071750972763	-1.05940249059253	0.289616968705328	0.661624971611309	-5.44362601341457
MIMAT0000100	hsa-miR-29b-3p	0.334349122807017	9.67240233463035	1.04546808868744	0.29600464658357	0.666274635031284	-5.45734954991955
MIMAT0003163	hsa-miR-539-5p	-0.0867175438596535	6.61341789883268	-1.03891363787652	0.299041682391318	0.666274635031284	-5.46374209286424
MIMAT0003308	hsa-miR-638	0.310442105263157	10.079880155642	1.03532301328764	0.300714211721461	0.666274635031284	-5.46722700804108
MIMAT0002874	hsa-miR-503-5p	-0.188722807017544	7.29266926070039	-1.03319312039557	0.301709268693412	0.666274635031284	-5.46928850514202
MIMAT0000269	hsa-miR-212-3p	0.0747491228070176	6.58087548638132	1.00988984764052	0.312739487107702	0.670647565237601	-5.49156661715782
MIMAT0001412	hsa-miR-18b-5p	-0.171592982456139	7.35979688715953	-1.00937440070399	0.312986433889432	0.670647565237601	-5.49205365351394
MIMAT0000417	hsa-miR-15b-5p	0.187777192982457	13.0394856031128	1.00857040106218	0.313371880684089	0.670647565237601	-5.49281284247082
MIMAT0003240	hsa-miR-575	0.27237368421053	7.84903813229572	1.00307155611456	0.316016473518612	0.670647565237601	-5.49798902042006
MIMAT0004697	hsa-miR-151-5p	0.238503508771934	8.93391284046693	1.00239432268023	0.316343191149812	0.670647565237601	-5.49862456051422
MIMAT0002872	hsa-miR-501-5p	-0.0603701754385959	6.4396420233463	-0.981326665922437	0.32661766036894	0.671415475899749	-5.5181811858129
MIMAT0000680	hsa-miR-106b-5p	-0.167699999999995	12.2765891050584	-0.980382953922617	0.327082922127042	0.671415475899749	-5.51904750750157
MIMAT0000222	hsa-miR-192-5p	0.274956140350881	8.36003968871595	0.979814193125628	0.327363536273784	0.671415475899749	-5.51956922443348
MIMAT0000083	hsa-miR-26b-5p	0.460666666666674	10.3207618677043	0.970378831241847	0.332041557278977	0.671415475899749	-5.52818005841066
MIMAT0004982	hsa-miR-939-5p	0.185601754385966	7.5698233463035	0.967220461951936	0.333617080018089	0.671415475899749	-5.5310438431278
MIMAT0000076	hsa-miR-21-5p	-0.239347368421052	15.7598568093385	-0.958307157805228	0.33808939278517	0.671415475899749	-5.53907551916123
MIMAT0000437	hsa-miR-145-5p	-0.274375438596492	10.4006070038911	-0.951962287288372	0.34129635397294	0.671415475899749	-5.54474757365316
MIMAT0000445	hsa-miR-126-3p	-0.315136842105257	9.55936031128405	-0.951247988007803	0.341658607581322	0.671415475899749	-5.54538377183995
MIMAT0003228	hsa-miR-564	0.0430122807017517	6.38183035019455	0.951239796065455	0.341662763515617	0.671415475899749	-5.54539106531406
MIMAT0000063	hsa-let-7b-5p	0.202271929824567	15.7883704280156	0.95049283801329	0.34204184621308	0.671415475899749	-5.54605583563468
MIMAT0001618	hsa-miR-191-3p	-0.0498298245614013	6.50608171206226	-0.936225867499794	0.349334022702598	0.680687617766091	-5.55865291875491
MIMAT0000432	hsa-miR-141-3p	0.316892982456139	11.684353307393	0.916187786969132	0.359741489178137	0.691597975032259	-5.5760243960608
MIMAT0005942	hsa-miR-1288-3p	0.0292701754385964	6.3253486381323	0.915403221669061	0.360152907752648	0.691597975032259	-5.57669691920846
MIMAT0000685	hsa-miR-34b-5p	-0.182654385964915	8.54307626459144	-0.899612478342154	0.36849621642127	0.700652716960884	-5.59011029351277
MIMAT0002174	hsa-miR-484	0.0797508771929856	6.89767003891051	0.895501386480439	0.370687984637509	0.700652716960884	-5.59356420168408
MIMAT0000256	hsa-miR-181a-5p	-0.237219298245616	9.53792529182879	-0.891553924482305	0.372800124873527	0.700652716960884	-5.59686576909003
MIMAT0000073	hsa-miR-19a-3p	-0.223354385964905	9.73678988326848	-0.883537193806664	0.377112493504513	0.701393958329333	-5.60352594978317
MIMAT0000097	hsa-miR-99a-5p	-0.333949122807008	11.0320536964981	-0.877992724767344	0.380112918354949	0.701393958329333	-5.60809706739777
MIMAT0004606	hsa-miR-136-3p	-0.098856140350879	6.79607937743191	-0.876110493991443	0.381134830186506	0.701393958329333	-5.60964233176293
MIMAT0003340	hsa-miR-542-5p	-0.166285964912279	7.59227392996109	-0.856018690100607	0.392148123256625	0.711828270218202	-5.6259308237275
MIMAT0000760	hsa-miR-331-3p	0.150471929824571	10.060013229572	0.836899717223409	0.402805613578869	0.711828270218202	-5.64108018792773
MIMAT0002176	hsa-miR-485-3p	-0.0368736842105282	6.35300622568093	-0.830751951366289	0.406269151588058	0.711828270218202	-5.64587889450236
MIMAT0005793	hsa-miR-320c	-0.15982105263158	10.9925229571984	-0.826782509524315	0.408514888814802	0.711828270218202	-5.64895851065904
MIMAT0000252	hsa-miR-7-5p	0.314980701754385	8.14733852140078	0.8232639446078	0.410511713538437	0.711828270218202	-5.65167600444774
MIMAT0003221	hsa-miR-557	0.076782456140351	6.68665058365759	0.822734896668542	0.410812455413112	0.711828270218202	-5.65208360295181
MIMAT0000072	hsa-miR-18a-5p	-0.151775438596489	7.5385579766537	-0.80822810369047	0.419109903061679	0.711828270218202	-5.6631582014531
MIMAT0000070	hsa-miR-17-5p	-0.176180701754392	9.17433774319066	-0.802709398434242	0.422292170456229	0.711828270218202	-5.66731955150249
MIMAT0004595	hsa-miR-135a-3p	-0.104335087719298	7.07800233463035	-0.791404666097659	0.4288549387282	0.711828270218202	-5.67575489758544
MIMAT0000438	hsa-miR-152-3p	-0.160445614035085	8.20097587548638	-0.790499368922614	0.429383048980715	0.711828270218202	-5.67642524208031
MIMAT0004748	hsa-miR-423-5p	0.0941000000000072	7.60769961089494	0.78594671568523	0.432044594808868	0.711828270218202	-5.67978472162315
MIMAT0005927	hsa-miR-1274a	-0.166103508771929	9.33834552529183	-0.78314912942256	0.43368483882692	0.711828270218202	-5.68183949229495
MIMAT0000266	hsa-miR-205-5p	-0.434638596491229	10.0846038910506	-0.781181471964865	0.434840645852288	0.711828270218202	-5.68328031249137
MIMAT0002171	hsa-miR-410-3p	-0.093531578947367	6.87033073929961	-0.7772775241742	0.437139097912542	0.711828270218202	-5.68612826530768
MIMAT0000254	hsa-miR-10b-5p	0.301735087719301	10.2762832684825	0.776625218686712	0.437523824897703	0.711828270218202	-5.68660273618197
MIMAT0000418	hsa-miR-23b-3p	0.176543859649126	10.3788715953307	0.775316805968862	0.438296108933214	0.711828270218202	-5.6875532435641
MIMAT0004602	hsa-miR-125a-3p	0.151752631578945	7.38630038910506	0.770112864274439	0.441375465006589	0.711828270218202	-5.69131784266868
MIMAT0004784	hsa-miR-455-3p	-0.217012280701756	8.76756342412451	-0.766499132422535	0.443521117096006	0.711828270218202	-5.6939171621999
MIMAT0000755	hsa-miR-323-3p	0.0301228070175439	6.31399766536965	0.765676904206386	0.444010146635999	0.711828270218202	-5.69450687669342
MIMAT0000232	hsa-miR-199a-3p	0.32817894736843	13.0493953307393	0.76068380078091	0.446986462216037	0.711828270218202	-5.6980744269995
MIMAT0005954	hsa-miR-720	-0.176929824561405	14.9992793774319	-0.760193431016518	0.447279375917475	0.711828270218202	-5.69842353654513
MIMAT0005929	hsa-miR-1275	-0.203896491228075	8.28661712062257	-0.759676692430123	0.44758815878504	0.711828270218202	-5.69879117550523
MIMAT0002813	hsa-miR-493-5p	0.0894070175438584	6.64790661478599	0.752965654728438	0.451609416507348	0.711828270218202	-5.70354312778286
MIMAT0000093	hsa-miR-93-5p	-0.126880701754382	10.7853727626459	-0.751200360834334	0.452670570064272	0.711828270218202	-5.70478609949856
MIMAT0000688	hsa-miR-301a-3p	-0.218259649122814	9.3810140077821	-0.744851922577115	0.456498374786704	0.711828270218202	-5.70923204695447
MIMAT0000447	hsa-miR-134-5p	0.0910192982456115	7.21583657587549	0.744610084791953	0.456644550706017	0.711828270218202	-5.70940066576634
MIMAT0000414	hsa-let-7g-5p	0.250856140350878	11.0846949416342	0.716280748380511	0.473949050925023	0.724407563126709	-5.72877443661896
MIMAT0000075	hsa-miR-20a-5p	-0.239549122807013	11.7099719844358	-0.713166411690884	0.475873163522866	0.724407563126709	-5.73085845697551
MIMAT0000424	hsa-miR-128-3p	0.150210526315797	8.06314785992218	0.712634603365567	0.476202155656561	0.724407563126709	-5.73121342013596
MIMAT0004601	hsa-miR-145-3p	-0.110508771929816	7.27921089494163	-0.712136766891223	0.476510244869108	0.724407563126709	-5.73154546853386
MIMAT0004776	hsa-miR-505-5p	-0.0780736842105272	6.81609805447471	-0.70195601426353	0.482834582956501	0.724407563126709	-5.73828500489888
MIMAT0000226	hsa-miR-196a-5p	0.425745614035089	9.46462412451362	0.701665195167517	0.483015909533043	0.724407563126709	-5.73847609920746
MIMAT0004674	hsa-miR-30c-1-3p	-0.0433543859649088	6.69275719844358	-0.698284888340568	0.485126254810169	0.724407563126709	-5.74069146024644
MIMAT0000689	hsa-miR-99b-5p	0.165403508771925	8.43787937743191	0.694019469101742	0.487796299177134	0.724407563126709	-5.7434716451282
MIMAT0002821	hsa-miR-181d-5p	0.121107017543855	7.54638521400778	0.690839630571049	0.489791951231773	0.724407563126709	-5.74553317816904
MIMAT0003888	hsa-miR-766-3p	-0.0513649122807038	6.99458443579767	-0.682341101262522	0.495147108159978	0.724407563126709	-5.75099646534488
MIMAT0003393	hsa-miR-425-5p	0.162100000000006	10.2650614785992	0.677225479730136	0.498385637228782	0.724407563126709	-5.75425246845155
MIMAT0004761	hsa-miR-483-5p	0.16560175438597	7.78348326848249	0.67605269432905	0.499129674482435	0.724407563126709	-5.75499547578071
MIMAT0002820	hsa-miR-497-5p	-0.151236842105265	9.23828326848249	-0.674286554962745	0.500251260574293	0.724407563126709	-5.7561119688973
MIMAT0000419	hsa-miR-27b-3p	0.158426315789475	10.250833463035	0.660715993721828	0.508913703059175	0.730052762188168	-5.76459345202398
MIMAT0000245	hsa-miR-30d-5p	0.173370175438595	10.430893385214	0.657360215602827	0.511067855560466	0.730052762188168	-5.766664211879
MIMAT0000617	hsa-miR-200c-3p	0.190621052631581	9.28564980544747	0.654945254108562	0.512621021551523	0.730052762188168	-5.76814789959577
MIMAT0002890	hsa-miR-299-5p	-0.105092982456143	6.9578373540856	-0.65099126958954	0.515169307657311	0.730052762188168	-5.77056534064688
MIMAT0003239	hsa-miR-574-3p	0.126892982456143	8.02654396887159	0.643688791973554	0.519892905927323	0.732827766333727	-5.77499157291366
MIMAT0002816	hsa-miR-494-3p	-0.312935087719291	10.4225727626459	-0.637521757530984	0.523899392089882	0.734567930708035	-5.7786907193739
MIMAT0000510	hsa-miR-320a	-0.127298245614037	9.41857587548638	-0.625033887186263	0.532060548031535	0.739480891977608	-5.78607227402174
MIMAT0004558	hsa-miR-181a-2-3p	-0.0672491228070129	6.88143346303502	-0.623626497044017	0.532984341010276	0.739480891977608	-5.7868950297982
MIMAT0001341	hsa-miR-424-5p	-0.225978947368422	9.2003673151751	-0.606268782302486	0.544444099115914	0.751446282633944	-5.79688989555513
MIMAT0004795	hsa-miR-574-5p	-0.161285964912279	9.01170116731518	-0.600317046741324	0.548401537325734	0.75251779010458	-5.80025209362884
MIMAT0005792	hsa-miR-320b	-0.136064912280698	10.8157657587549	-0.595901754544058	0.551346522445594	0.75251779010458	-5.80272492087462
MIMAT0004587	hsa-miR-23b-5p	0.0485052631579022	6.59906770428016	0.592226393732035	0.553803897669711	0.75251779010458	-5.8047694284078
MIMAT0000094	hsa-miR-95-3p	-0.121347368421048	7.13752140077821	-0.588085132346328	0.556579195699991	0.75251779010458	-5.80705795738493
MIMAT0000646	hsa-miR-155-5p	-0.188175438596488	9.09959610894942	-0.580512045468922	0.561671847245713	0.755548423959969	-5.81120145776886
MIMAT0004695	hsa-miR-337-5p	-0.0750140350877189	6.9684	-0.562683154883819	0.573749478376154	0.767897029139802	-5.82074434110096
MIMAT0000759	hsa-miR-148b-3p	0.0961754385964895	9.49412840466926	0.557987373444612	0.576950868684201	0.7683014080468	-5.82320825410443
MIMAT0000757	hsa-miR-151-3p	0.112757894736848	9.62780622568093	0.553692183959573	0.579886512084722	0.768349628512256	-5.82544390149895
MIMAT0006764	hsa-miR-320d	-0.11104035087719	11.445960311284	-0.5330958556315	0.594060040306745	0.783213485976555	-5.83592437569258
MIMAT0003945	hsa-miR-765	0.0691684210526349	6.86242645914397	0.498134394488619	0.618475144092026	0.805116095605915	-5.85280552739784
MIMAT0003338	hsa-miR-660-5p	-0.122791228070172	8.85889494163424	-0.496319198024989	0.619754688709037	0.805116095605915	-5.85365075148358
MIMAT0004589	hsa-miR-30b-3p	0.0489754385964929	7.03387315175097	0.490134119550671	0.624123239282361	0.805116095605915	-5.85650759787477
MIMAT0003150	hsa-miR-455-5p	-0.0751684210526271	7.06540544747082	-0.485542157386878	0.627375155266218	0.805116095605915	-5.85860543177662
MIMAT0000426	hsa-miR-132-3p	0.0622210526315765	7.62482101167315	0.484624519060866	0.628025876810606	0.805116095605915	-5.85902228764737
MIMAT0004610	hsa-miR-150-3p	0.0620105263157891	7.31455642023346	0.47890765571429	0.632086361535242	0.805116095605915	-5.8616015363215
MIMAT0004911	hsa-miR-874-3p	-0.0506771929824525	7.4418093385214	-0.478241794258733	0.632560025457227	0.805116095605915	-5.86189996044418
MIMAT0000068	hsa-miR-15a-5p	0.124210526315792	12.2159081712062	0.474845481805978	0.634978354647684	0.805116095605915	-5.86341565365838
MIMAT0003299	hsa-miR-630	-0.0726192982456144	6.85510272373541	-0.462105961160631	0.644084096791035	0.812772788807735	-5.8690047798471
MIMAT0000461	hsa-miR-195-5p	0.168133333333337	10.6314715953307	0.454036628317159	0.649879663116455	0.816199576899813	-5.87246638831951
MIMAT0000707	hsa-miR-363-3p	0.15464561403509	8.05356575875486	0.429461684087702	0.667659761465691	0.831222221335717	-5.88263310628825
MIMAT0000069	hsa-miR-16-5p	0.184666666666676	13.2083455252918	0.428836664978247	0.668114464696255	0.831222221335717	-5.88288430540694
MIMAT0001413	hsa-miR-20b-5p	-0.124201754385961	9.56051906614786	-0.410082643163185	0.681814149830553	0.844302568715405	-5.89025153306225
MIMAT0000442	hsa-miR-9-3p	0.110973684210525	6.98992529182879	0.387800140782465	0.698228608711484	0.856070342570749	-5.89857680840047
MIMAT0004599	hsa-miR-143-5p	-0.0323298245614065	6.72637743190661	-0.386997144997713	0.698822840209821	0.856070342570749	-5.89886814848182
MIMAT0004682	hsa-miR-361-3p	-0.062068421052631	8.56283424124514	-0.384045705516765	0.701008544671141	0.856070342570749	-5.89993379164316
MIMAT0003389	hsa-miR-542-3p	-0.0720999999999989	7.37166614785992	-0.369507367813558	0.71181088060432	0.86527469431259	-5.90506394559896
MIMAT0004762	hsa-miR-486-3p	-0.028371929824563	6.32883112840467	-0.364544141002819	0.715512109144705	0.865802323850899	-5.9067700087428
MIMAT0004493	hsa-miR-20a-3p	0.0612122807017537	7.25948560311284	0.356702632160852	0.721373398217177	0.868927047852508	-5.90941844574025
MIMAT0003233	hsa-miR-551b-3p	0.0897052631578941	7.84478910505837	0.346957833383394	0.728680196837179	0.873756797112454	-5.91262947615059
MIMAT0003180	hsa-miR-487b-3p	-0.0402842105263179	6.93800544747082	-0.311593114367655	0.75540065856815	0.897336525583593	-5.92353567570592
MIMAT0003329	hsa-miR-411-5p	0.0210245614035101	6.42480856031128	0.308046695595419	0.758097066798472	0.897336525583593	-5.92456475251708
MIMAT0003258	hsa-miR-590-5p	-0.0972210526315731	8.95971906614786	-0.307512703349131	0.758503327285754	0.897336525583593	-5.92471868271869
MIMAT0003266	hsa-miR-598-3p	0.0403543859649096	6.68325758754864	0.291920991142387	0.770394476261218	0.907353494263212	-5.92909547194549
MIMAT0000459	hsa-miR-193a-3p	0.0527736842105266	8.1855859922179	0.27975035588753	0.779714372374801	0.914266852563372	-5.93235371363015
MIMAT0000727	hsa-miR-374a-5p	0.078715789473689	8.22433463035019	0.263743057524565	0.792020491628755	0.923422692453477	-5.93642788021788
MIMAT0000416	hsa-miR-1-3p	-0.0488561403508765	6.70470116731518	-0.260536520453922	0.794491976903369	0.923422692453477	-5.93721515718041
MIMAT0007890	hsa-miR-1914-3p	-0.0212842105263134	6.90594941634241	-0.237615609621366	0.812217380772438	0.937009578413553	-5.94256233432232
MIMAT0001080	hsa-miR-196b-5p	0.0577754385964919	7.93212607003891	0.235212575195132	0.814081479581954	0.937009578413553	-5.9430944380853
MIMAT0000692	hsa-miR-30e-5p	-0.0453649122807018	8.77654941634241	-0.231724070110848	0.816789481560494	0.937009578413553	-5.9438572734189
MIMAT0000765	hsa-miR-335-5p	0.0545368421052617	7.36732373540856	0.223809080375715	0.822941683652607	0.939998043827332	-5.94554578783404
MIMAT0004774	hsa-miR-501-3p	0.0195842105263155	6.8082373540856	0.218125644504768	0.827366087258307	0.940995764478332	-5.94672205135394
MIMAT0000263	hsa-miR-199b-5p	0.0741157894736855	8.69252140077821	0.208835870085101	0.834609693169361	0.945177643973849	-5.94857955899205
MIMAT0000081	hsa-miR-25-3p	-0.0353491228070091	8.90491828793774	-0.200286741008351	0.841288240814986	0.948516900894877	-5.95021755718184
MIMAT0005938	hsa-miR-1274b	0.0359666666666616	12.356586770428	0.195903430277142	0.844716938155438	0.948516900894877	-5.95103084630576
MIMAT0003326	hsa-miR-663	0.0464280701754403	8.18356809338521	0.181371830100687	0.856104527443224	0.957247678364786	-5.9535983559463
MIMAT0005893	hsa-miR-1305	-0.00952631578947383	6.64116186770428	-0.168781128211425	0.865995547122125	0.962885056266315	-5.9556630221416
MIMAT0000227	hsa-miR-197-3p	-0.0351508771929829	7.93419610894942	-0.164583023755598	0.86929825586448	0.962885056266315	-5.95631843550845
MIMAT0003885	hsa-miR-454-3p	0.0416315789473707	7.62480622568093	0.158065484755835	0.874430202606697	0.962885056266315	-5.95730325603512
MIMAT0000084	hsa-miR-27a-3p	-0.0317210526315854	13.5639556420233	-0.1550401277078	0.876814197564735	0.962885056266315	-5.95774687676606
MIMAT0000099	hsa-miR-101-3p	0.0351192982456201	9.17550428015564	0.151869458020806	0.879313900439427	0.962885056266315	-5.95820260521975
MIMAT0000435	hsa-miR-143-3p	-0.034831578947367	8.72763035019455	-0.133636994581825	0.893710697455603	0.969289570318813	-5.96064045583299
MIMAT0003330	hsa-miR-654-5p	0.00468947368420825	6.35598754863813	0.122966027438476	0.902153360303529	0.969289570318813	-5.96192282420331
MIMAT0005911	hsa-miR-1260	-0.0245719298245586	10.9201517509728	-0.114213380168918	0.909086609651177	0.969289570318813	-5.9628950441488
MIMAT0000703	hsa-miR-361-5p	0.0170491228070109	10.3716023346303	0.112236802383005	0.910653298863633	0.969289570318813	-5.96310466532901
MIMAT0004568	hsa-miR-221-5p	-0.0171666666666672	6.92767392996109	-0.109625888929344	0.912723311998803	0.969289570318813	-5.96337595016305
MIMAT0000762	hsa-miR-324-3p	-0.0177701754385904	9.14528171206226	-0.106738446637827	0.915013255766711	0.969289570318813	-5.9636685324088
MIMAT0002817	hsa-miR-495-3p	-0.0100421052631567	6.59091906614786	-0.106201063769468	0.915439516517046	0.969289570318813	-5.96372212307821
MIMAT0000082	hsa-miR-26a-5p	-0.0218736842105223	11.1084832684825	-0.103703504907058	0.91742093803252	0.969289570318813	-5.96396764306586
MIMAT0005865	hsa-miR-1202	-0.0413368421052667	11.4053190661479	-0.0944569699967761	0.924760989373945	0.969289570318813	-5.96482575848276
MIMAT0000457	hsa-miR-188-5p	-0.0126403508771942	7.228953307393	-0.0869151451878925	0.930752594792192	0.969289570318813	-5.96546637361567
MIMAT0004514	hsa-miR-29b-1-5p	0.0105315789473668	7.01197042801556	0.0821558924345824	0.934535629730186	0.969289570318813	-5.96584321502309
MIMAT0000085	hsa-miR-28-5p	0.0178192982456178	8.26500077821012	0.0796521167596003	0.936526430753782	0.969289570318813	-5.96603294951064
MIMAT0005949	hsa-miR-664	0.00578771929825095	6.66395642023346	0.0795103373534749	0.936639174338214	0.969289570318813	-5.96604351780023
MIMAT0000686	hsa-miR-34c-5p	-0.0146052631578923	7.3634046692607	-0.069787356550502	0.94437384325894	0.969289570318813	-5.96672335311445
MIMAT0004955	hsa-miR-374b-5p	-0.0126228070175411	7.63465680933852	-0.0691751945688643	0.944861003916706	0.969289570318813	-5.9667631927726
MIMAT0004683	hsa-miR-362-3p	-0.0122543859649129	7.62912062256809	-0.0677281783790883	0.946012626241325	0.969289570318813	-5.96685596950241
MIMAT0004552	hsa-miR-139-3p	-0.00543333333333518	6.70865447470817	-0.0660562453740232	0.947343391368198	0.969289570318813	-5.9669607248064
MIMAT0000231	hsa-miR-199a-5p	-0.0167912280701721	8.79183657587549	-0.0604230314036559	0.951828175669544	0.970132563663189	-5.96729440266465
MIMAT0000267	hsa-miR-210-3p	0.015087719298247	10.0271852140078	0.0401546262948408	0.967976131693627	0.982811014937974	-5.9682491168145
MIMAT0002173	hsa-miR-483-3p	0.00315263157894918	6.43525525291829	0.0330318721780191	0.973654336111011	0.984803049883274	-5.96849325271696
MIMAT0000271	hsa-miR-214-3p	-0.0037877192982414	11.089246692607	-0.0129582949287648	0.989663091142283	0.997189046208004	-5.96892560997325
MIMAT0000078	hsa-miR-23a-3p	-0.00160175438597143	13.7027260700389	-0.00729132820314549	0.994183552842354	0.997949399633423	-5.96897935283474
MIMAT0000064	hsa-let-7c-5p	-0.000370175438597187	13.9096521400778	-0.00176078496429422	0.99859537275842	0.99859537275842	-5.96900279895418
