	name	logFC	AveExpr	t	P.Value	adj.P.Val	B
MIMAT0005893	hsa-miR-1305	-0.534410436984529	6.61596807438205	-10.244950441191	9.18284558171174e-24	2.43345407915361e-21	43.0722203928574
MIMAT0005942	hsa-miR-1288-3p	-0.29551341834682	6.29757442829253	-10.0091312879371	8.61803919333851e-23	1.14189019311735e-20	40.8657501040327
MIMAT0000072	hsa-miR-18a-5p	1.07035371435877	7.45140591401652	7.44931001788156	1.67720183020221e-13	1.48152828334528e-11	19.8554727687875
MIMAT0000681	hsa-miR-29c-3p	-1.19599627637799	13.0393530337512	-6.75815062311448	2.08134752638726e-11	1.37889273623156e-09	15.1481131176835
MIMAT0001412	hsa-miR-18b-5p	0.819229907692423	7.27921257068748	6.3977229279931	2.17645078627164e-10	1.15351891672397e-08	12.8629456079621
MIMAT0000080	hsa-miR-24-3p	0.677331366292492	12.105776213781	5.86806668563881	5.55290068931943e-09	2.45253113778275e-07	9.71916145759362
MIMAT0000417	hsa-miR-15b-5p	0.761492108799786	12.8876203000871	5.46079627950158	5.64552464500403e-08	2.13723432989438e-06	7.47733861167486
MIMAT0004673	hsa-miR-29c-5p	-0.861773800131629	8.82467773982981	-5.34024861541728	1.0897181165852e-07	3.60969126118849e-06	6.84332094770512
MIMAT0005938	hsa-miR-1274b	-0.803096239356369	12.1719476180422	-5.2467434590694	1.79848329972322e-07	5.29553416029614e-06	6.36087173103542
MIMAT0000093	hsa-miR-93-5p	0.652517917666326	10.6020256304016	5.12371349417242	3.43513173280545e-07	9.10309909193443e-06	5.73854986335552
MIMAT0000070	hsa-miR-17-5p	0.844085853668975	9.04023643870974	4.98591813933463	6.97589727245856e-07	1.6805570701832e-05	5.05840109667148
MIMAT0000250	hsa-miR-139-5p	-0.472550908172642	6.91398843011334	-4.34346649970884	1.50849844348926e-05	0.000318455344336204	2.12403623819902
MIMAT0000728	hsa-miR-375	-1.6966600778197	9.39727855797665	-4.33566541655025	1.56223376466817e-05	0.000318455344336204	2.09081416284874
MIMAT0000092	hsa-miR-92a-3p	0.752395378234047	8.92249333348097	4.28445983902733	1.96301389710702e-05	0.000352994293037405	1.87418922467023
MIMAT0003326	hsa-miR-663	0.88031376116051	8.12790085093705	4.2804669669049	1.99808090398531e-05	0.000352994293037405	1.85740260251404
MIMAT0000073	hsa-miR-19a-3p	0.709206388657816	9.55705997532388	3.7438029223742	0.000188954642513191	0.00312956126662472	-0.2598021654806
MIMAT0000442	hsa-miR-9-3p	0.78609663437306	6.92532975017834	3.66865229158994	0.000253417959065898	0.0039503387736743	-0.53417118480201
MIMAT0005954	hsa-miR-720	-0.66117485811144	14.7958438181295	-3.63812208675372	0.000285091596211518	0.00419718183311401	-0.644077326474826
MIMAT0000281	hsa-miR-224-5p	0.915065416857695	7.30884325661238	3.48092762744722	0.000515776936386412	0.00702694084457637	-1.19570115988499
MIMAT0000759	hsa-miR-148b-3p	-0.451090552193822	9.33468232557499	-3.46473394101362	0.000547555693208428	0.00702694084457637	-1.25116915505804
MIMAT0000449	hsa-miR-146a-5p	0.791203127981515	9.39717356527705	3.46016248169932	0.000556851915985297	0.00702694084457637	-1.26678173254849
MIMAT0004694	hsa-miR-342-5p	-0.664042267595134	9.08578630529948	-3.30624100366786	0.000970670638005745	0.0116921690487056	-1.78063299827077
MIMAT0000680	hsa-miR-106b-5p	0.425163758771829	12.0329615937146	3.22890851643655	0.00127283800097719	0.0140714156571439	-2.03012032193193
MIMAT0000099	hsa-miR-101-3p	-0.557303557796928	9.0218396216369	-3.22855671778829	0.00127439236140171	0.0140714156571439	-2.03124200332111
MIMAT0000243	hsa-miR-148a-3p	-0.800623127609231	10.5312657984815	-3.16559969550825	0.00158258157795816	0.0167753647263565	-2.23003741186912
MIMAT0004776	hsa-miR-505-5p	0.262326501747145	6.76152577198774	3.15199311286273	0.00165763618555461	0.0168951380450759	-2.27249534317419
MIMAT0004951	hsa-miR-887-3p	-0.366482386451816	6.77188976532808	-3.08644186327136	0.00206732210765328	0.0202903836491896	-2.4745156559977
MIMAT0000705	hsa-miR-362-5p	0.391831881612214	8.05445162096339	3.0605502845138	0.00225333809731559	0.0207830204010599	-2.55315715132525
MIMAT0007890	hsa-miR-1914-3p	-0.221385592254289	6.8738606482743	-3.05774766179251	0.00227436827030466	0.0207830204010599	-2.56163048751812
MIMAT0000267	hsa-miR-210-3p	0.842068211990902	9.87736350577873	3.04028638192994	0.00240949893756226	0.0212839072818	-2.61424979829699
MIMAT0000437	hsa-miR-145-5p	-0.656161662390227	10.2580164291603	-3.00183818692529	0.00273335033650955	0.0233657367475816	-2.72906512003903
MIMAT0005911	hsa-miR-1260	-0.47319737767479	10.7324391077942	-2.96835228211425	0.00304733254964152	0.0252357226767189	-2.82788733681616
MIMAT0000691	hsa-miR-130b-3p	0.451938773273201	9.33069116673244	2.94999899481419	0.00323307304243238	0.0255224742376801	-2.88158668950831
MIMAT0000423	hsa-miR-125b-5p	-0.638104734465533	13.1064988342717	-2.94602932326326	0.00327458160030613	0.0255224742376801	-2.8931581990292
MIMAT0000445	hsa-miR-126-3p	-0.736715298688573	9.45992193090394	-2.92284813758111	0.00352683197936657	0.0267031564152041	-2.96042371154772
MIMAT0003228	hsa-miR-564	-0.104040866578218	6.35035215452142	-2.88802750555427	0.00393911154362592	0.0289962377516908	-3.06047782309941
MIMAT0000685	hsa-miR-34b-5p	-0.440196097375663	8.42260031913985	-2.87383101267246	0.00411942454390381	0.02950398659823	-3.10093042913569
MIMAT0000275	hsa-miR-218-5p	-0.466250855919259	7.58006987959222	-2.85504249068636	0.00436958733483435	0.0304721222034501	-3.15416520858917
MIMAT0000686	hsa-miR-34c-5p	-0.436671699306691	7.28487812776231	-2.83842206772204	0.00460229001293663	0.0312719706007232	-3.20096944355157
MIMAT0000646	hsa-miR-155-5p	0.678185739903989	8.98041766004179	2.82000684031792	0.00487319781491485	0.0322849355238109	-3.25251268190124
MIMAT0000730	hsa-miR-377-3p	-0.510165087051695	8.1487014875307	-2.79088099139882	0.00533125455517468	0.0323623460767305	-3.33335753951969
MIMAT0004603	hsa-miR-125b-2-3p	-0.296271563169705	7.07593847346222	-2.78976552495288	0.00534954704073943	0.0323623460767305	-3.33643725647877
MIMAT0000081	hsa-miR-25-3p	0.376141515303032	8.8487760539379	2.78724704358223	0.00539105635887786	0.0323623460767305	-3.34338611449228
MIMAT0004614	hsa-miR-193a-5p	-0.425643249468316	8.40770281656061	-2.7822178607132	0.00547481907104438	0.0323623460767305	-3.35724380325309
MIMAT0004784	hsa-miR-455-3p	0.597416932485586	8.65133714586486	2.78098730071644	0.00549549273001084	0.0323623460767305	-3.36063078951749
MIMAT0003239	hsa-miR-574-3p	-0.406248135321682	7.94395535122137	-2.76365643120566	0.00579424248986774	0.0333798752133685	-3.40817485201458
MIMAT0004557	hsa-miR-34a-3p	-0.182616850480725	6.62778042865753	-2.74837261735716	0.00606978601034531	0.0342232615476917	-3.44985937401567
MIMAT0000075	hsa-miR-20a-5p	0.701047905402011	11.50217508876	2.73139488111643	0.00638967639359538	0.0344949925907825	-3.49589587492675
MIMAT0000729	hsa-miR-376a-3p	-0.486672584229701	8.1577699570218	-2.72988694071882	0.00641881031145606	0.0344949925907825	-3.49997113764455
MIMAT0000254	hsa-miR-10b-5p	-0.792644068660685	10.1220998256795	-2.7252836446952	0.00650848916807216	0.0344949925907825	-3.51239794326662
MIMAT0001627	hsa-miR-433-3p	-0.0582061527448383	6.24473593906616	-2.71611664308024	0.00669044351244949	0.0345683629149731	-3.53708290365208
MIMAT0000263	hsa-miR-199b-5p	-0.725213784663336	8.59660498842729	-2.71152825584826	0.00678322593048528	0.0345683629149731	-3.54940765292103
MIMAT0004601	hsa-miR-145-3p	-0.306462404062861	7.20550701363067	-2.69591980786936	0.00710757624516092	0.0355378812258046	-3.59117880414908
MIMAT0000720	hsa-miR-376c-3p	-0.493618587328704	8.29822626537767	-2.66882431509157	0.00770387269575156	0.0372188280393161	-3.66312498957652
MIMAT0000435	hsa-miR-143-3p	-0.515808970350196	8.59798720169983	-2.6626960225903	0.00784481155540351	0.0372188280393161	-3.67929763990876
MIMAT0000438	hsa-miR-152-3p	-0.412649899560038	8.08612986898415	-2.66182152081239	0.00786511083094981	0.0372188280393161	-3.68160246337493
MIMAT0000452	hsa-miR-154-5p	-0.237532418784617	6.90643359399887	-2.62746527180754	0.00870083085316509	0.0404512311594517	-3.77155840612663
MIMAT0005949	hsa-miR-664	-0.145051041430243	6.61750516550978	-2.61254749951123	0.00908781776594268	0.0415219259995657	-3.81025792504279
MIMAT0000736	hsa-miR-381-3p	-0.343235523794894	7.31832500015925	-2.60119617219337	0.00939251742024562	0.042186730785849	-3.83955929311588
MIMAT0004814	hsa-miR-654-3p	-0.295276389564321	7.03311715508387	-2.58912467809745	0.00972652816715724	0.0429588327382778	-3.87058106604154
MIMAT0000436	hsa-miR-144-3p	-0.672590420254823	7.69038560513332	-2.55287361527742	0.010794175003677	0.0468927274749901	-3.96288167109923
MIMAT0000082	hsa-miR-26a-5p	-0.415579686647019	10.9656831471212	-2.52571293721014	0.0116611887165942	0.0498421775789912	-4.03119226792307
MIMAT0003237	hsa-miR-572	-0.363939021870323	7.49901688138355	-2.50699486367109	0.01229416885043	0.0517135673867295	-4.07784802363654
MIMAT0002876	hsa-miR-505-3p	0.230119388522808	7.26412847909334	2.49451128943692	0.0127330817554634	0.0520192342004636	-4.10877287299153
MIMAT0000461	hsa-miR-195-5p	-0.702728039898291	10.5001226122382	-2.493773955524	0.0127594348038873	0.0520192342004636	-4.11059464522571
MIMAT0000420	hsa-miR-30b-5p	-0.449681159807962	9.63626091962465	-2.44667124111708	0.0145463444314325	0.058405776883782	-4.22586803353845
MIMAT0003308	hsa-miR-638	-0.561244959100531	10.0187563983726	-2.40560785997191	0.016280755959287	0.0643940347643441	-4.32458408628041
MIMAT0000737	hsa-miR-382-5p	-0.203459545648118	6.77907204052414	-2.35238112523441	0.0187980489931161	0.0732571026937614	-4.45007554787605
MIMAT0000459	hsa-miR-193a-3p	-0.322844103556062	8.10366219402621	-2.2522974240549	0.0244652342279362	0.0921668040722598	-4.67849853291999
MIMAT0003879	hsa-miR-758-3p	-0.187829193812585	6.66844267622382	-2.25214233898604	0.024475056528401	0.0921668040722598	-4.678844841313
MIMAT0002814	hsa-miR-432-5p	-0.153001113442022	6.61372690285779	-2.24562206680337	0.0248911246332753	0.0921668040722598	-4.69338334001708
MIMAT0000231	hsa-miR-199a-5p	-0.481484918884894	8.71913621645981	-2.24328802225375	0.0250415467668027	0.0921668040722598	-4.69857748013007
MIMAT0000761	hsa-miR-324-5p	0.276461452616619	8.34633377502605	2.2176296233049	0.0267477808164871	0.0954805102585689	-4.75532380106343
MIMAT0002820	hsa-miR-497-5p	-0.374681210663271	9.14199243797994	-2.2158230906951	0.0268716120849805	0.0954805102585689	-4.75929472687842
MIMAT0001638	hsa-miR-409-5p	-0.132443143503669	6.49093908906363	-2.2136273957713	0.0270227859222365	0.0954805102585689	-4.76411674262007
MIMAT0004695	hsa-miR-337-5p	-0.222881431544095	6.90647617376736	-2.20642953899511	0.0275235242002313	0.0959701830665959	-4.77989084305193
MIMAT0000100	hsa-miR-29b-3p	-0.53239316477946	9.52299598677184	-2.20123362365263	0.0278899535224669	0.0959849049799187	-4.79124599394228
MIMAT0000415	hsa-let-7i-5p	0.32705833706628	13.1517748083683	2.17453677201332	0.0298397930059193	0.101378783930367	-4.84917015689809
MIMAT0000084	hsa-miR-27a-3p	0.342931331163795	13.3385305927263	2.15633032466977	0.03123584654088	0.104778472573838	-4.88827018925211
MIMAT0000450	hsa-miR-149-5p	-0.482310737131437	7.84376987151383	-2.13989093114222	0.0325442448374092	0.107454939172589	-4.92329484060329
MIMAT0004606	hsa-miR-136-3p	-0.179704064084398	6.7402146487628	-2.13419007198657	0.0330088159951409	0.107454939172589	-4.93537854013941
MIMAT0004911	hsa-miR-874-3p	-0.171399567001783	7.37411785321337	-2.13125499902768	0.0332502075930275	0.107454939172589	-4.94158731795724
MIMAT0000065	hsa-let-7d-5p	0.471988657996436	9.88859248787746	2.11955020103317	0.0342279529832765	0.109282018561064	-4.96626294121277
MIMAT0003150	hsa-miR-455-5p	0.241835406069189	6.99736413641923	2.09131575413687	0.0366882106995392	0.11484466312959	-5.02523023132396
MIMAT0001631	hsa-miR-451	-0.930167651979128	11.9419992465271	-2.08966096581992	0.0368369674189249	0.11484466312959	-5.02866186683158
MIMAT0000710	hsa-miR-365a-3p	-0.408691830528808	9.5464761515344	-2.08356504869748	0.0373894029310808	0.114874003137197	-5.04128006045377
MIMAT0004595	hsa-miR-135a-3p	0.209465459598195	7.02411130319148	2.08002600477131	0.0377133519733438	0.114874003137197	-5.04858887244023
MIMAT0000104	hsa-miR-107	0.314246250105797	10.2169794343849	2.07261260480496	0.0383996978992929	0.11563545390128	-5.06385896794815
MIMAT0001413	hsa-miR-20b-5p	0.471386550134922	9.4028256075946	2.05926037153676	0.0396626968107993	0.11785337427081	-5.09122520322906
MIMAT0004767	hsa-miR-193b-5p	-0.148546646803271	6.81545285463846	-2.05548992025441	0.0400256742806524	0.11785337427081	-5.09892115814154
MIMAT0002888	hsa-miR-532-5p	0.255893218193803	8.14997393524434	2.04975017679345	0.040583647680425	0.1181831498386	-5.11060977451951
MIMAT0000074	hsa-miR-19b-3p	0.317401931015668	10.440626955416	2.03430135956616	0.0421183542897382	0.121319172682398	-5.14190893039746
MIMAT0005939	hsa-miR-1281	-0.0834959696273954	6.45103264599343	-2.02898437785824	0.0426577981309392	0.121551790373106	-5.15262665274971
MIMAT0004774	hsa-miR-501-3p	0.135234701212335	6.75151145074928	2.01367962524088	0.0442433202698039	0.124728509271256	-5.1833216452493
MIMAT0000687	hsa-miR-299-3p	-0.123851854765344	6.5339871333555	-1.99453335921956	0.0462966550231046	0.129143300853923	-5.22139586652481
MIMAT0000760	hsa-miR-331-3p	-0.263454341984883	9.94439368728422	-1.97871961184974	0.0480526282192471	0.132645275813547	-5.25257039556262
MIMAT0005901	hsa-miR-1249-3p	0.229901213293601	7.19528997522011	1.94203976124689	0.052342194773701	0.142996717680729	-5.32392964966859
MIMAT0000733	hsa-miR-379-5p	-0.262929935638861	7.34982548576026	-1.93446960440378	0.0532662884018167	0.144036392106953	-5.33849183257832
MIMAT0000083	hsa-miR-26b-5p	-0.692495257168288	10.1802619015713	-1.92925289146145	0.0539110044361655	0.144307234096807	-5.34849394423524
MIMAT0001639	hsa-miR-409-3p	-0.178235948349045	6.99087960486872	-1.91365720911923	0.0558774232231698	0.1480751715414	-5.37823569210142
MIMAT0003163	hsa-miR-539-5p	-0.11952825633572	6.5670598982749	-1.89920573281448	0.0577526118811784	0.149785869340472	-5.40558107669283
MIMAT0004689	hsa-miR-377-5p	-0.0794715450916428	6.3461841781366	-1.89793730944635	0.0579196704235077	0.149785869340472	-5.4079713721282
MIMAT0000682	hsa-miR-200a-3p	-0.556998029356574	10.9512351352541	-1.89567476427193	0.0582186586493156	0.149785869340472	-5.4122311087878
MIMAT0000265	hsa-miR-204-5p	-0.193412966933285	6.56039593940158	-1.88352157525923	0.0598467119630622	0.15249402567511	-5.43502566620258
MIMAT0000753	hsa-miR-342-3p	-0.472487117453284	10.5843685375917	-1.87052325682583	0.0616296353561172	0.15422547310536	-5.45924395869757
MIMAT0004610	hsa-miR-150-3p	0.194426874292065	7.2782714511278	1.87008729490895	0.0616901892421441	0.15422547310536	-5.46005334557532
MIMAT0000094	hsa-miR-95-3p	-0.288018815104819	7.06879298200959	-1.85692234137716	0.0635421168914385	0.157370663329264	-5.48440638764478
MIMAT0004600	hsa-miR-144-5p	-0.260521833425321	6.59532349787693	-1.83167220168823	0.0672227708646997	0.164944761843939	-5.53063610655719
MIMAT0002809	hsa-miR-146b-5p	0.426199616598975	9.51151444133451	1.81364192523578	0.0699570989820181	0.170079185598484	-5.56326180250793
MIMAT0003233	hsa-miR-551b-3p	-0.345845102502855	7.7504669509238	-1.80770828958407	0.0708766886498664	0.17074838629286	-5.5739284528096
MIMAT0002819	hsa-miR-193b-3p	-0.315649621366893	10.550969472606	-1.7956323265354	0.0727788658986546	0.173751346514806	-5.59552947696159
MIMAT0000757	hsa-miR-151-3p	0.290563775995416	9.47273334661121	1.78261252515009	0.074876366620584	0.175202438272099	-5.61865738495003
MIMAT0003180	hsa-miR-487b-3p	-0.17335893792309	6.88110357532765	-1.78163695687622	0.0750355018998561	0.175202438272099	-5.62038360382449
MIMAT0003393	hsa-miR-425-5p	-0.318057497196551	10.0932889547208	-1.77959119587762	0.0753701055208275	0.175202438272099	-5.62400042089999
MIMAT0000763	hsa-miR-338-3p	-0.512044024722392	8.81317161976935	-1.7642313424679	0.0779214816866914	0.178333275359746	-5.65102388059529
MIMAT0002175	hsa-miR-485-5p	-0.0647053726414235	6.32605041877972	-1.7633922314201	0.0780628677046436	0.178333275359746	-5.65249345961471
MIMAT0004599	hsa-miR-143-5p	-0.109220800210325	6.67403639881198	-1.74739506540862	0.0807985308831222	0.183005219521601	-5.68037703597319
MIMAT0002171	hsa-miR-410-3p	-0.159509129335555	6.81356721052664	-1.73983239768447	0.082118682114989	0.184419074241289	-5.69347095516236
MIMAT0004955	hsa-miR-374b-5p	-0.238552538578316	7.54956523592563	-1.73497164791149	0.0829763891184792	0.184779353919303	-5.70185695783367
MIMAT0001618	hsa-miR-191-3p	0.0745439025080072	6.47796316860379	1.72499229299998	0.0847600788781513	0.186909445482773	-5.71900062935892
MIMAT0000446	hsa-miR-127-3p	-0.309980685894579	8.06712642041624	-1.72039620490389	0.085591954066554	0.186909445482773	-5.72686319982278
MIMAT0004682	hsa-miR-361-3p	-0.207929497899029	8.43673593373022	-1.71643750624861	0.0863137485874646	0.186909445482773	-5.73361864182075
MIMAT0003340	hsa-miR-542-5p	-0.248798458919461	7.5082917306537	-1.71403499904339	0.0867541954504946	0.186909445482773	-5.73771091869861
MIMAT0000447	hsa-miR-134-5p	0.180486044600593	7.20023367077863	1.68665991518505	0.0919021733710706	0.196403838252691	-5.78393688729191
MIMAT0004493	hsa-miR-20a-3p	0.213099237200289	7.18403800742869	1.667671235885	0.0956153077590349	0.202704452449154	-5.8155661558162
MIMAT0000097	hsa-miR-99a-5p	-0.441075292006207	10.8898574639844	-1.63292615849278	0.102720110226534	0.216038327063742	-5.87251742064932
MIMAT0002890	hsa-miR-299-5p	-0.196962625067706	6.89952607985826	-1.62248624427438	0.104935155453194	0.218959182638555	-5.88939634332863
MIMAT0006764	hsa-miR-320d	0.257744185946079	11.3300243856798	1.60972134539194	0.107694888958611	0.222962074797124	-5.90988769820398
MIMAT0000222	hsa-miR-192-5p	-0.333475975569062	8.24147971745256	-1.59125439477499	0.111788854926319	0.228932976090304	-5.93924715315183
MIMAT0000765	hsa-miR-335-5p	-0.285134975312134	7.28605394177559	-1.58895659892995	0.112306742987696	0.228932976090304	-5.94287666839193
MIMAT0000460	hsa-miR-194-5p	-0.1810545281215	7.38479692353754	-1.57848157884693	0.114691689319091	0.232009905874496	-5.95935642768631
MIMAT0004748	hsa-miR-423-5p	-0.140393131888864	7.53722833155203	-1.55081312485871	0.121183261172625	0.243284577354134	-6.00236338747135
MIMAT0003294	hsa-miR-625-5p	-0.294924844921459	7.70981624994468	-1.52809977726921	0.126724423211773	0.251559245124064	-6.03710191952936
MIMAT0000244	hsa-miR-30c-5p	-0.267524297780017	10.0878566470866	-1.52617251376253	0.127203542817451	0.251559245124064	-6.0400260323734
MIMAT0000693	hsa-miR-30e-3p	-0.239637934368344	8.52895611572961	-1.5117380541977	0.130836950336871	0.256299458101612	-6.06180959475703
MIMAT0002177	hsa-miR-486-5p	-0.301388653277174	7.23198935840113	-1.50875885931224	0.131596803091114	0.256299458101612	-6.06627992205182
MIMAT0004780	hsa-miR-532-3p	0.120004363047737	7.0433490578227	1.50440341003422	0.132713830626438	0.256299458101612	-6.0727995242969
MIMAT0000266	hsa-miR-205-5p	-0.630050672907932	9.99228422755015	-1.50147438572818	0.133469151766122	0.256299458101612	-6.07717337034262
MIMAT0003389	hsa-miR-542-3p	-0.210718877745127	7.2902874393897	-1.44536358996959	0.148590246866188	0.282561225548708	-6.15932199388501
MIMAT0004550	hsa-miR-30c-2-3p	-0.209626817531017	7.29832245815206	-1.44291906305712	0.14927762859177	0.282561225548708	-6.16282999921762
MIMAT0000064	hsa-let-7c-5p	-0.231484249344158	13.7236734934904	-1.43107621070268	0.152642184789256	0.285335221600845	-6.17974121375673
MIMAT0004552	hsa-miR-139-3p	-0.0881039211125714	6.66065558065538	-1.43018878959772	0.152896609310641	0.285335221600845	-6.18100282699378
MIMAT0004795	hsa-miR-574-5p	-0.285097179140636	8.92153185965508	-1.40528875440213	0.160167863835679	0.296814572842342	-6.2160841939556
MIMAT0000253	hsa-miR-10a-5p	-0.471621086121004	8.86232304570021	-1.38456554857589	0.16641649152763	0.305277610904268	-6.2448124821993
MIMAT0000078	hsa-miR-23a-3p	0.231769070488044	13.5172450164454	1.38253435687844	0.167038692758939	0.305277610904268	-6.24760539507204
MIMAT0004571	hsa-miR-200b-5p	-0.203589716363649	7.53225024055187	-1.32554351754317	0.18521751027911	0.336182467287426	-6.32430161097686
MIMAT0000416	hsa-miR-1-3p	-0.182030471568577	6.65446276752192	-1.31226452354379	0.18965625513059	0.341897330677595	-6.34170953553567
MIMAT0004674	hsa-miR-30c-1-3p	-0.0608685825898769	6.64024669361214	-1.3081508322648	0.19104712544352	0.342077623260357	-6.34706685987583
MIMAT0000088	hsa-miR-30a-3p	-0.338636771977255	9.32314484111859	-1.30116725715606	0.19342550988908	0.344011812889975	-6.35612326150747
MIMAT0000098	hsa-miR-100-5p	-0.281460271671606	10.2443427703977	-1.23952736769586	0.215367899288037	0.380358473923925	-6.43396162413213
MIMAT0005927	hsa-miR-1274a	-0.196317407943377	9.19264660509002	-1.23584720756891	0.21673256438684	0.380358473923925	-6.43848970378449
MIMAT0003330	hsa-miR-654-5p	-0.0353907855839193	6.32132718308172	-1.22578956458284	0.22049385500209	0.384413628786539	-6.45079613503916
MIMAT0005792	hsa-miR-320b	0.21270667805085	10.7106539681857	1.20108871158348	0.2299296345227	0.397846764354041	-6.48059403882239
MIMAT0000258	hsa-miR-181c-5p	-0.19789150388015	7.89699616980322	-1.19515589468213	0.232238188197598	0.397846764354041	-6.48766095542449
MIMAT0000770	hsa-miR-133b	-0.122913215542254	6.54189857959554	-1.19396688666012	0.232702824433496	0.397846764354041	-6.48907305040974
MIMAT0005793	hsa-miR-320c	0.17616231149022	10.8629951141408	1.17999417467235	0.238212545577189	0.404655926781763	-6.50556229775614
MIMAT0004605	hsa-miR-129-3p	-0.0679836523372082	6.46919515894037	-1.17403140916401	0.240591634678902	0.405961754045613	-6.5125400114948
MIMAT0004589	hsa-miR-30b-3p	-0.0930505637204018	6.97084269495256	-1.17040894535279	0.242045121280026	0.405961754045613	-6.51676184556534
MIMAT0000732	hsa-miR-378a-3p	0.106017309391368	6.87952390670881	1.16469709760723	0.244349502561017	0.407249170935029	-6.52339232160578
MIMAT0000269	hsa-miR-212-3p	0.0627333991835233	6.53585405884525	1.1247791686044	0.260884614618686	0.432090142962199	-6.56882650449845
MIMAT0002176	hsa-miR-485-3p	-0.0377806435709349	6.31538363188309	-1.11953304028508	0.263113988034822	0.43307581881508	-6.57468003109205
MIMAT0002173	hsa-miR-483-3p	-0.0770657801279082	6.39625003129998	-1.10294766006507	0.270248483855407	0.442073137170882	-6.5930059931983
MIMAT0002805	hsa-miR-489-3p	-0.145987124749755	6.62090335367672	-1.08755075916843	0.276989595143434	0.450320507441778	-6.60977437427344
MIMAT0000252	hsa-miR-7-5p	0.30865421336627	8.03500665408306	1.05432575193407	0.291924391808253	0.471707096519433	-6.64515711843157
MIMAT0000617	hsa-miR-200c-3p	0.23514548690552	9.22190706392988	1.02623481435493	0.304966640994056	0.489794908263181	-6.67421739590035
MIMAT0000085	hsa-miR-28-5p	0.171342620839358	8.17223960359992	1.01656483251857	0.309544505762489	0.494152373656985	-6.68403979007008
MIMAT0005865	hsa-miR-1202	0.336412859064751	11.3493522654879	1.00008566345729	0.317450110620805	0.503738199488104	-6.70056475412331
MIMAT0002816	hsa-miR-494-3p	-0.361655227559195	10.2815385601509	-0.986383980222836	0.324123283557507	0.511265893706781	-6.71409919446474
MIMAT0000433	hsa-miR-142-5p	0.239226489816391	8.54320680982189	0.973079719873297	0.330689787744767	0.518537241138244	-6.72706265960085
MIMAT0005796	hsa-miR-1271-5p	-0.069811864036275	6.80336163773183	-0.963025156377011	0.335709129774748	0.522317822638989	-6.73674304574635
MIMAT0000227	hsa-miR-197-3p	0.154562975471513	7.87454302870577	0.960369886607235	0.337042821401008	0.522317822638989	-6.73928274176052
MIMAT0000443	hsa-miR-125a-5p	-0.173452130746555	9.6550575834668	-0.94936889322933	0.342604685619906	0.527850242379507	-6.74973029826098
MIMAT0003885	hsa-miR-454-3p	-0.185073813978985	7.53471933370471	-0.939241328476254	0.347776590554927	0.532721367035005	-6.75924209970777
MIMAT0000255	hsa-miR-34a-5p	-0.13299817759666	12.9568434925094	-0.913818467548524	0.360977087494647	0.549763955092423	-6.78267036226547
MIMAT0003888	hsa-miR-766-3p	0.0509058935255178	6.94277049074231	0.902440925537478	0.366985322165	0.55523106503013	-6.79294729738912
MIMAT0000727	hsa-miR-374a-5p	-0.20104919803013	8.11029793257284	-0.898386633175497	0.369141300855116	0.55523106503013	-6.79657832082282
MIMAT0000707	hsa-miR-363-3p	-0.250552144545283	7.95803591891584	-0.894226779424621	0.371361592759545	0.55523106503013	-6.80028691211308
MIMAT0000279	hsa-miR-222-3p	0.215451094061264	8.12300310393357	0.891264639247642	0.372947658774955	0.55523106503013	-6.80291723900729
MIMAT0002817	hsa-miR-495-3p	-0.0612370264482394	6.5451523751435	-0.8760229080288	0.381175020368766	0.564309387696776	-6.81631379395824
MIMAT0000101	hsa-miR-103a-3p	0.115503665339135	12.7340265366448	0.872060674627749	0.383331933556931	0.564349791069926	-6.8197585573108
MIMAT0003221	hsa-miR-557	0.0618398415437014	6.65056187023893	0.850388965000671	0.395261209943268	0.578697351574398	-6.8383239472884
MIMAT0002874	hsa-miR-503-5p	0.110243332957789	7.21820971872286	0.810831423991167	0.417606868566486	0.606599438063955	-6.87100813809155
MIMAT0005593	hsa-miR-1238-3p	0.0355137457012429	6.54721593193667	0.808586483863309	0.418896970436618	0.606599438063955	-6.87281637872036
MIMAT0000752	hsa-miR-328-3p	-0.0273930130973596	6.3324185562376	-0.803986624583626	0.421547697108173	0.607120324639489	-6.8765058003256
MIMAT0002813	hsa-miR-493-5p	-0.071097735921569	6.60008497912142	-0.797700280170219	0.425186164685463	0.609050452117015	-6.88151390018058
MIMAT0003329	hsa-miR-411-5p	-0.038979636924112	6.38484664699595	-0.757306095129165	0.44900001090155	0.639704316607046	-6.91275743123586
MIMAT0001536	hsa-miR-429	-0.192844931532488	9.75626404336918	-0.744182782071442	0.456896740300168	0.647473990264944	-6.92255883254421
MIMAT0000756	hsa-miR-326	-0.0542810087586796	6.63099135154813	-0.712429717042091	0.476323088973301	0.671412864776195	-6.94556599294216
MIMAT0002174	hsa-miR-484	-0.0477821692497855	6.84400097009222	-0.705179650126329	0.480821338809278	0.673974084345676	-6.95067858519008
MIMAT0004762	hsa-miR-486-3p	-0.0405966268998803	6.29021564205401	-0.701317985399206	0.483226701983692	0.673974084345676	-6.95338041945687
MIMAT0000425	hsa-miR-130a-3p	0.133837612506974	10.6874998320972	0.695143846424196	0.487086014458198	0.675799967703783	-6.95766938838525
MIMAT0005898	hsa-miR-1246	0.222553815269505	10.1454222460779	0.683959158012755	0.494119541836559	0.681987909305667	-6.96534250769437
MIMAT0004761	hsa-miR-483-5p	0.126342614593607	7.72999367888036	0.66817933399748	0.504134515816819	0.690566013297737	-6.97595654702844
MIMAT0000271	hsa-miR-214-3p	-0.150982415273243	10.9652279189335	-0.665968090462769	0.505546439923627	0.690566013297737	-6.97742412683084
MIMAT0004587	hsa-miR-23b-5p	-0.0395171733408164	6.55032875169836	-0.650153501316964	0.515704826257802	0.70082963568368	-6.98777838852538
MIMAT0000457	hsa-miR-188-5p	0.0739944051390342	7.20261967141295	0.63506483807521	0.52549484938236	0.710276092251745	-6.99742554797258
MIMAT0004982	hsa-miR-939-5p	-0.0956396490642364	7.54121051518311	-0.631201746676487	0.528016566692807	0.710276092251745	-6.99985907331447
MIMAT0000456	hsa-miR-186-5p	0.0721813799966844	8.25920254150225	0.61874090440801	0.536192513807357	0.71666532995919	-7.00760755431634
MIMAT0000434	hsa-miR-142-3p	0.20150303935389	12.056272822484	0.615733776098663	0.538175096837278	0.71666532995919	-7.00945433950495
MIMAT0000431	hsa-miR-140-5p	-0.105319662219589	10.1542142415968	-0.598259597331784	0.549768113303137	0.728442750126656	-7.02000790959756
MIMAT0002872	hsa-miR-501-5p	-0.0272850493666992	6.40309463342499	-0.574970500723928	0.565408036813798	0.745438456495803	-7.03360137152003
MIMAT0005929	hsa-miR-1275	0.118329616869763	8.23276729480924	0.570484346916284	0.568445144909718	0.745732492084531	-7.03615790611058
MIMAT0004504	hsa-miR-31-3p	-0.0968423408619374	6.91252832995636	-0.561877800824566	0.574293505274625	0.747458616039604	-7.04100650450322
MIMAT0000087	hsa-miR-30a-5p	-0.180207375713195	10.7292413104764	-0.560251071274557	0.57540210442294	0.747458616039604	-7.04191466363371
MIMAT0000232	hsa-miR-199a-3p	-0.183030562393814	12.8571509894966	-0.555680930938313	0.578522012388012	0.747845528208894	-7.04445196621172
MIMAT0000261	hsa-miR-183-5p	0.148692628596175	9.83843053965925	0.547568619187043	0.584079582955026	0.748769836919313	-7.04890468920557
MIMAT0003258	hsa-miR-590-5p	0.129516489247486	8.81094834263898	0.546391395119157	0.584888136763388	0.748769836919313	-7.04954541106422
MIMAT0000095	hsa-miR-96-5p	-0.168594450742009	10.1915656210906	-0.53677698169308	0.591511026914166	0.753607798712759	-7.05472660247173
MIMAT0000226	hsa-miR-196a-5p	-0.242761042322442	9.34717280747013	-0.52482673375413	0.599790699700168	0.760500169476289	-7.06103841353912
MIMAT0000692	hsa-miR-30e-5p	-0.0769838046692204	8.64938703191281	-0.517992634257369	0.604549154253973	0.762883456558585	-7.06458416481113
MIMAT0000068	hsa-miR-15a-5p	0.104811607663287	12.0022516694046	0.513599379858775	0.607617020206163	0.76312090215466	-7.06683899639775
MIMAT0000418	hsa-miR-23b-3p	0.0871948773120756	10.2755440663281	0.498945649812127	0.617899796479749	0.772374745599687	-7.07422119088941
MIMAT0001341	hsa-miR-424-5p	-0.136960655879882	9.06499921879647	-0.488462868732071	0.625302165506698	0.776096929777931	-7.07937111051068
MIMAT0003322	hsa-miR-652-3p	-0.0669526694156399	7.60277542714778	-0.486440171896143	0.626734879141424	0.776096929777931	-7.08035222863369
MIMAT0004484	hsa-let-7d-3p	0.0127193585319061	6.28860197314315	0.479083496462773	0.631957615273875	0.77892450254687	-7.08388629809145
MIMAT0000451	hsa-miR-150-5p	-0.168361268923114	10.8769017076457	-0.455403214575967	0.648893167126955	0.796095783743717	-7.09489650127563
MIMAT0004602	hsa-miR-125a-3p	-0.0665529053106351	7.32495176236841	-0.445338406463362	0.656147348668487	0.801285932705756	-7.09940722431785
MIMAT0000318	hsa-miR-200b-3p	-0.130299505234455	12.445813322887	-0.43309877208305	0.6650129097669	0.807630064589765	-7.10475684294902
MIMAT0004697	hsa-miR-151-5p	0.0797943903634861	8.86662054110067	0.425712057019899	0.670386228338851	0.807630064589765	-7.10791326683462
MIMAT0002821	hsa-miR-181d-5p	-0.0569672029706432	7.4620544211287	-0.42236957682099	0.672823228287456	0.807630064589765	-7.10932370633805
MIMAT0004568	hsa-miR-221-5p	-0.0493921300859146	6.86828114378967	-0.419320175405509	0.675049550422149	0.807630064589765	-7.11060077862738
MIMAT0004494	hsa-miR-21-3p	-0.0911861687624445	9.18615427838094	-0.417225275740854	0.676580657882746	0.807630064589765	-7.11147275018478
MIMAT0003338	hsa-miR-660-5p	0.0758410563672207	8.71998136943971	0.408358649161566	0.683075811669475	0.811726861400945	-7.11511500795599
MIMAT0003240	hsa-miR-575	0.0818052245395977	7.8141866522653	0.382620777584565	0.702061810085056	0.830564194966696	-7.12524463302898
MIMAT0000414	hsa-let-7g-5p	-0.100138344730953	10.9772966485806	-0.372615216968844	0.709493934649325	0.835093311200801	-7.12900460166255
MIMAT0000256	hsa-miR-181a-5p	0.0740905644174967	9.44456029057141	0.367390603487459	0.713385854649501	0.835093311200801	-7.13092836340113
MIMAT0000076	hsa-miR-21-5p	0.0766359675046164	15.532772604056	0.364765628040187	0.71534408167012	0.835093311200801	-7.1318846585108
MIMAT0000066	hsa-let-7e-5p	0.085840116800231	12.0959598577199	0.333635529765555	0.738706948469272	0.853862276858075	-7.14270278947004
MIMAT0000096	hsa-miR-98-5p	0.085962605338719	8.66125845292179	0.326554641947577	0.744055891989078	0.853862276858075	-7.14502888676621
MIMAT0001080	hsa-miR-196b-5p	-0.0605623471532324	7.84118490597343	-0.325828583235039	0.744605065395361	0.853862276858075	-7.14526457965294
MIMAT0000086	hsa-miR-29a-3p	-0.044625750239458	13.6881460687235	-0.324347658723111	0.745725603980536	0.853862276858075	-7.14574369071816
MIMAT0000069	hsa-miR-16-5p	-0.101913211539603	13.0299582471508	-0.311730628731526	0.755293876766746	0.853862276858075	-7.14973707734089
MIMAT0003886	hsa-miR-769-5p	-0.0335861689972772	7.77661537530124	-0.311497609646809	0.75547094863275	0.853862276858075	-7.14980933994395
MIMAT0000280	hsa-miR-223-3p	0.0864582746350244	10.3323218872331	0.307402264893012	0.758585104384206	0.853862276858075	-7.15107054669543
MIMAT0004594	hsa-miR-132-5p	-0.0239596342962596	6.79813084509802	-0.305295894953823	0.760188348433884	0.853862276858075	-7.15171272743208
MIMAT0000703	hsa-miR-361-5p	-0.035576263035705	10.1958665400847	-0.304990681398016	0.760420744673606	0.853862276858075	-7.15180541338659
MIMAT0003299	hsa-miR-630	0.0370774074890896	6.820802634213	0.299077660119673	0.764927296316871	0.855298453687641	-7.15358276119279
MIMAT0004514	hsa-miR-29b-1-5p	-0.0283643115558956	6.95170329349452	-0.294249721452823	0.768612788658944	0.855808357120253	-7.15500815245494
MIMAT0000424	hsa-miR-128-3p	-0.0449103281768553	7.96292515692101	-0.283640888902158	0.776729536389593	0.861227310222771	-7.15805880438631
MIMAT0004954	hsa-miR-543	-0.0102475363595822	6.33555373718672	-0.270195865235148	0.787051295168682	0.868637822207393	-7.16176411814433
MIMAT0000077	hsa-miR-22-3p	0.0441806763616412	14.0780935608503	0.266404582511281	0.789968736422573	0.868637822207393	-7.16277644415602
MIMAT0000755	hsa-miR-323-3p	0.00753141154422643	6.27814693286403	0.253592469036726	0.799849425130452	0.871122724675345	-7.16609161773136
MIMAT0004597	hsa-miR-140-3p	0.0366452559612842	9.45334725247513	0.251730410934949	0.80128815657723	0.871122724675345	-7.16655983566879
MIMAT0000455	hsa-miR-185-5p	-0.0307443197525483	9.2410729244276	-0.246799845422961	0.805101038163225	0.871122724675345	-7.16778297143823
MIMAT0000245	hsa-miR-30d-5p	0.0513403881151007	10.3013098301941	0.246442431587945	0.805377613379093	0.871122724675345	-7.16787069545227
MIMAT0004683	hsa-miR-362-3p	0.0317310376243842	7.53660944088677	0.233484388467307	0.81542105160157	0.878041385574653	-7.17096527982932
MIMAT0000689	hsa-miR-99b-5p	0.0410631143559659	8.3508993901292	0.225675126508495	0.821488614233171	0.878041385574653	-7.17274956008192
MIMAT0004775	hsa-miR-502-3p	0.019639941425778	7.40018836601387	0.225385051442297	0.821714202349109	0.878041385574653	-7.17281466817617
MIMAT0000062	hsa-let-7a-5p	-0.0626303128735586	13.5410716630305	-0.217332861296709	0.827982127207951	0.878639022437974	-7.17458857913348
MIMAT0000688	hsa-miR-301a-3p	0.0492635703498872	9.21366109282571	0.216148816580238	0.828904738149032	0.878639022437974	-7.17484398461663
MIMAT0000419	hsa-miR-27b-3p	-0.0374465639724555	10.1185992020228	-0.203298590644804	0.838932608626624	0.885725662494244	-7.17752611946479
MIMAT0003266	hsa-miR-598-3p	0.0200093867472244	6.63154747239135	0.193997114000002	0.84620762676977	0.889861194817417	-7.17936502569888
MIMAT0000510	hsa-miR-320a	-0.025021345270801	9.32015719013712	-0.159933956283977	0.872957270339557	0.914362358260801	-7.18536431746683
MIMAT0000067	hsa-let-7f-5p	-0.0484765134157144	11.1260355808756	-0.141165489391124	0.887760485292602	0.92393036804584	-7.1881764645823
MIMAT0000426	hsa-miR-132-3p	-0.0137359026911268	7.5440780900559	-0.139513931377728	0.88906507113845	0.92393036804584	-7.18840714179037
MIMAT0000432	hsa-miR-141-3p	0.0299226455397852	11.4645018263596	0.110989055655097	0.91164169246256	0.943691595713197	-7.19196294890253
MIMAT0000762	hsa-miR-324-3p	-0.0120537710296702	9.06565827104093	-0.0911506376501852	0.927386558122461	0.955149228859042	-7.1939584960197
MIMAT0005948	hsa-miR-664*	-0.0101767119641671	7.06899456031961	-0.0879634927850506	0.929918871870312	0.955149228859042	-7.19424257280747
MIMAT0000063	hsa-let-7b-5p	0.01276292168642	15.655796673252	0.077870608801903	0.937942637022977	0.956411170795784	-7.19507547419544
MIMAT0004945	hsa-miR-744-5p	-0.00645796821103861	6.67369922309879	-0.0773387071345802	0.938365677007185	0.956411170795784	-7.1951165564138
MIMAT0003945	hsa-miR-765	-0.00445134790961621	6.82546548053937	-0.0402278607703623	0.967917475081976	0.98275145937442	-7.19728770814373
MIMAT0004558	hsa-miR-181a-2-3p	-0.00207510264618893	6.82144757378392	-0.0257063883721807	0.979495366496179	0.986873024675796	-7.19776416991805
MIMAT0000257	hsa-miR-181b-5p	0.0047103632999832	8.99101763739321	0.0252936699550961	0.979824499438404	0.986873024675796	-7.19777464436315
MIMAT0000089	hsa-miR-31-5p	0.00367235744676808	7.15958610104556	0.0211251510470367	0.983148975526075	0.986873024675796	-7.19787093463689
MIMAT0000278	hsa-miR-221-3p	-0.00231425446299305	8.05856675243203	-0.0132735365598134	0.9894115424445	0.9894115424445	-7.19800533717093
