	name	logFC	AveExpr	t	P.Value	adj.P.Val	B
MIMAT0005942	hsa-miR-1288-3p	-0.305122543958777	6.303152744969	-9.77299973113051	7.79030973375489e-22	2.06443207944505e-19	38.7238339196713
MIMAT0005893	hsa-miR-1305	-0.517932925897187	6.62302217840244	-9.40237335699	2.24177051630812e-20	2.97034593410825e-18	35.4191309361047
MIMAT0000088	hsa-miR-30a-3p	-1.32171278037347	9.35059605269993	-4.78311333087612	1.91786679539724e-06	0.000169411566926756	4.14164175176474
MIMAT0000244	hsa-miR-30c-5p	-0.840408979566907	10.1170594542974	-4.45070247836679	9.27272121217293e-06	0.000614317780306456	2.63947287321293
MIMAT0000281	hsa-miR-224-5p	1.15551817056869	7.31020951464256	4.1836984788761	3.05558742496607e-05	0.00161946133523202	1.50894803853084
MIMAT0005938	hsa-miR-1274b	-0.648603694974552	12.2184991483195	-3.99741451135962	6.75460756740285e-05	0.00282317586351915	0.760541961637385
MIMAT0004550	hsa-miR-30c-2-3p	-0.61883642725036	7.31676109466213	-3.9736304633953	7.45744567722039e-05	0.00282317586351915	0.667382309464006
MIMAT0000087	hsa-miR-30a-5p	-1.27735574269055	10.7576409642793	-3.81950855837439	0.000139864127225708	0.00463299921435159	0.0768700319734403
MIMAT0003326	hsa-miR-663	0.816953899829573	8.13390248115304	3.719621284387	0.000207807997929885	0.00611879105015773	-0.293640252196965
MIMAT0000681	hsa-miR-29c-3p	-0.702093714147421	13.0894460769337	-3.66411268583094	0.000257930893275243	0.00683516867179394	-0.49538107723263
MIMAT0000693	hsa-miR-30e-3p	-0.625194155096461	8.55244835639776	-3.61125519657164	0.000316026044912194	0.00761335471833923	-0.684723473819072
MIMAT0000099	hsa-miR-101-3p	-0.620426511521198	9.0472250156446	-3.2638719676754	0.00112687613207238	0.0248851812499316	-1.8618584473436
MIMAT0003239	hsa-miR-574-3p	-0.514102152711888	7.96160474107915	-3.22036601344061	0.00131115109080554	0.0249660926978914	-2.00103888587651
MIMAT0004595	hsa-miR-135a-3p	0.35226640118009	7.03493379395987	3.21258243565753	0.00134691946173202	0.0249660926978914	-2.02574553854303
MIMAT0000080	hsa-miR-24-3p	0.392262859709422	12.1272954530589	3.18406826384464	0.00148579009313897	0.0249660926978914	-2.11575243200091
MIMAT0004694	hsa-miR-342-5p	-0.69862880107775	9.11386541741462	-3.17985661387445	0.0015073867289293	0.0249660926978914	-2.12897980838874
MIMAT0000278	hsa-miR-221-3p	-0.581002085443127	8.07526913326603	-3.04177194613129	0.00239782608278461	0.0373778771728189	-2.55310108900624
MIMAT0000250	hsa-miR-139-5p	-0.38473375943687	6.92157093526014	-2.98482476060036	0.00288909524818742	0.0425339022649815	-2.72260532841589
MIMAT0001627	hsa-miR-433-3p	-0.0664832417430565	6.24956093502859	-2.92597671884824	0.00349191593251647	0.0487030380061508	-2.89444643218981
MIMAT0000417	hsa-miR-15b-5p	0.45163276215971	12.9174956986776	2.86567279980637	0.00422655270542558	0.0560018233468889	-3.06703418938645
MIMAT0000436	hsa-miR-144-3p	-0.791094426211695	7.71061184695852	-2.79620750496282	0.00524485019569142	0.0650752518507789	-3.26144109583385
MIMAT0005954	hsa-miR-720	-0.547778541205629	14.8458364006796	-2.7865676786154	0.00540247373855523	0.0650752518507789	-3.28804683386852
MIMAT0004674	hsa-miR-30c-1-3p	-0.137890698324667	6.64954769482463	-2.76048210848542	0.00585070217839091	0.0674102642292866	-3.35958712490326
MIMAT0000763	hsa-miR-338-3p	-0.840446743149424	8.84292407314619	-2.73512974845586	0.00631821615456256	0.0697636367066283	-3.42847916280984
MIMAT0000261	hsa-miR-183-5p	0.786495046864317	9.86570730666617	2.69359447023221	0.00715727287027395	0.0735211013596884	-3.53998791154991
MIMAT0004673	hsa-miR-29c-5p	-0.475678288551321	8.85873212426955	-2.69097551268332	0.00721339107679962	0.0735211013596884	-3.5469624034007
MIMAT0000686	hsa-miR-34c-5p	-0.444992038059238	7.29622926656467	-2.64871079227568	0.00817535546764573	0.0788584205764553	-3.65858854564499
MIMAT0000072	hsa-miR-18a-5p	0.421946254144656	7.46456289191955	2.64224659054351	0.00833221047600282	0.0788584205764553	-3.67550711748394
MIMAT0000093	hsa-miR-93-5p	0.394016380503781	10.6326162796585	2.62652596216052	0.00872497852206523	0.0797282520119753	-3.71648155181666
MIMAT0000081	hsa-miR-25-3p	0.370236266111088	8.85767862179888	2.55820968504993	0.0106309911083819	0.0889035910216846	-3.89173060504144
MIMAT0000267	hsa-miR-210-3p	0.794149742376588	9.90870961796849	2.55764544294595	0.0106481679374179	0.0889035910216846	-3.89315899512056
MIMAT0005911	hsa-miR-1260	-0.451446930470466	10.7749738776768	-2.55478823026399	0.0107355279724298	0.0889035910216846	-3.90038729573607
MIMAT0002872	hsa-miR-501-5p	-0.12793990379909	6.40920563677718	-2.53587036535456	0.0113302147260263	0.0892080521183859	-3.94804467211814
MIMAT0007890	hsa-miR-1914-3p	-0.190425244029075	6.87919222936888	-2.53128728722401	0.0114786191239899	0.0892080521183859	-3.95953745517798
MIMAT0000258	hsa-miR-181c-5p	-0.446035137633709	7.9181150217816	-2.51588101530126	0.0119902295350053	0.0892080521183859	-3.99802013850054
MIMAT0004610	hsa-miR-150-3p	0.268984879020119	7.28159267858113	2.51210034396372	0.012118829721743	0.0892080521183859	-4.00742816143541
MIMAT0001412	hsa-miR-18b-5p	0.353583947045034	7.29216828008339	2.5017645947969	0.0124766693032622	0.0893599287936346	-4.03307665892463
MIMAT0005796	hsa-miR-1271-5p	-0.197093277982494	6.81309094471227	-2.46085224973098	0.0139867255462607	0.0975390070989233	-4.13357387408749
MIMAT0000703	hsa-miR-361-5p	-0.289453471773498	10.2221684941949	-2.38001619491721	0.0174517917224899	0.115714688793779	-4.32731162950202
MIMAT0005901	hsa-miR-1249-3p	0.290939174061196	7.20489693986376	2.37954511956576	0.0174740171927852	0.115714688793779	-4.3284218452796
MIMAT0000438	hsa-miR-152-3p	-0.3973225457415	8.10664392064173	-2.37055361924765	0.0179030273228111	0.115714688793779	-4.34957096156059
MIMAT0004600	hsa-miR-144-5p	-0.348337674486392	6.60585015566485	-2.29003365672761	0.0221749475824424	0.139913359746363	-4.53542407882557
MIMAT0000082	hsa-miR-26a-5p	-0.386935794801466	10.9888622685068	-2.22306877946513	0.0263782968895754	0.162563922691569	-4.68513672815987
MIMAT0002820	hsa-miR-497-5p	-0.415020063050817	9.15001740330666	-2.19956347216336	0.02800901284637	0.168690645552001	-4.73664171754559
MIMAT0001631	hsa-miR-451	-1.04559605752491	11.9610259188462	-2.18377594886999	0.0291525087883279	0.17167588508682	-4.77093033062869
MIMAT0000425	hsa-miR-130a-3p	-0.457332465146085	10.7049986664277	-2.15227236380668	0.0315549460608585	0.179117573471993	-4.83861939502246
MIMAT0000692	hsa-miR-30e-5p	-0.335891445540833	8.67050415484329	-2.14957886344491	0.031768022464844	0.179117573471993	-4.84436136668184
MIMAT0004795	hsa-miR-574-5p	-0.458136682371982	8.93694670046126	-2.12189711371608	0.0340303724373662	0.186487701728531	-4.9029591690405
MIMAT0003150	hsa-miR-455-5p	-0.258289349685487	7.00679643271984	-2.10470126603082	0.0355040697526871	0.186487701728531	-4.93898015334301
MIMAT0000255	hsa-miR-34a-5p	0.3229895338887	12.9921232401962	2.09404583635715	0.0364443346111438	0.186487701728531	-4.96115450173888
MIMAT0000447	hsa-miR-134-5p	0.223274252842236	7.20199320800878	2.08261823907943	0.0374762647288508	0.186487701728531	-4.98481150664757
MIMAT0004951	hsa-miR-887-3p	-0.271781209406292	6.78895336981356	-2.07078166536343	0.0385712692937034	0.186487701728531	-5.00917956178098
MIMAT0000753	hsa-miR-342-3p	-0.565875313945331	10.6043633533157	-2.07042243578751	0.0386049229084728	0.186487701728531	-5.00991695324756
MIMAT0004605	hsa-miR-129-3p	-0.126998631666854	6.47681723965602	-2.05261568895839	0.0403047034131614	0.186487701728531	-5.04630959289808
MIMAT0000100	hsa-miR-29b-3p	-0.53364146630373	9.54808281853124	-2.0502428704819	0.0405359333747511	0.186487701728531	-5.05113547010284
MIMAT0004814	hsa-miR-654-3p	-0.262284784831393	7.0392919411982	-2.04816991242088	0.0407388626202887	0.186487701728531	-5.05534694675645
MIMAT0000461	hsa-miR-195-5p	-0.63711526128977	10.5136697708818	-2.04326703339809	0.0412222557744662	0.186487701728531	-5.06529091867185
MIMAT0003879	hsa-miR-758-3p	-0.184721241024365	6.67498226531976	-2.04143017037794	0.0414046072450534	0.186487701728531	-5.06901032812951
MIMAT0004589	hsa-miR-30b-3p	-0.171796302788461	6.98320059438012	-2.03472148388635	0.0420764216554545	0.186487701728531	-5.08256630676708
MIMAT0000431	hsa-miR-140-5p	-0.385028157144641	10.1814831268893	-2.03326360094113	0.0422236305800448	0.186487701728531	-5.0855063281476
MIMAT0000420	hsa-miR-30b-5p	-0.391796861823396	9.66291232638356	-2.0102433682737	0.0446065225876767	0.193782434192366	-5.13165216881048
MIMAT0004911	hsa-miR-874-3p	-0.16964111860843	7.38753213101363	-1.99368314252405	0.0463901262928637	0.196823728229249	-5.1645254495482
MIMAT0004504	hsa-miR-31-3p	-0.375228727204855	6.91664335201841	-1.99002563675158	0.0467920561450666	0.196823728229249	-5.17174942921792
MIMAT0000089	hsa-miR-31-5p	-0.378892858680609	7.16229632743662	-1.98204349516254	0.0476794232347279	0.197422611831295	-5.18746925392641
MIMAT0000265	hsa-miR-204-5p	-0.241587536595229	6.5646341643139	-1.97282740792388	0.0487215396239438	0.198633969236078	-5.20554105751612
MIMAT0004601	hsa-miR-145-3p	-0.24645420065269	7.21535541487294	-1.8975325626266	0.0579735479707482	0.232772578973459	-5.35004935714417
MIMAT0000094	hsa-miR-95-3p	-0.312898589237097	7.08013827238586	-1.88949526064425	0.0590422954613247	0.233525496973896	-5.36514451177348
MIMAT0000736	hsa-miR-381-3p	-0.279617652924766	7.32543531322246	-1.87641954806129	0.0608159755212238	0.233861772047501	-5.38956631140939
MIMAT0005865	hsa-miR-1202	0.663749955112626	11.3544824744206	1.87586394025459	0.0608923104576511	0.233861772047501	-5.39060029626338
MIMAT0003233	hsa-miR-551b-3p	-0.392166542590927	7.76470256041731	-1.85777650761209	0.0634210768051337	0.240094076476578	-5.42409460304926
MIMAT0002821	hsa-miR-181d-5p	-0.263216022542668	7.48063096381614	-1.83051848236388	0.0673955593115047	0.251546805880968	-5.47396112559392
MIMAT0000759	hsa-miR-148b-3p	-0.25735829858569	9.36275824541508	-1.81872713590701	0.0691773238926194	0.254610983771446	-5.49530528266291
MIMAT0000452	hsa-miR-154-5p	-0.186919580725248	6.91267506815827	-1.80707508382408	0.0709759124482054	0.257652284914718	-5.51626246928521
MIMAT0004784	hsa-miR-455-3p	-0.405675782341246	8.66357320787571	-1.78749593482354	0.0740844355184501	0.26267381411249	-5.55117535483469
MIMAT0000691	hsa-miR-130b-3p	0.324763226002386	9.35599630878744	1.7859062202832	0.0743416455035348	0.26267381411249	-5.55399346742687
MIMAT0000095	hsa-miR-96-5p	0.597911996163328	10.2216419644913	1.77288537167815	0.076475978868309	0.266659663159235	-5.57698180937181
MIMAT0003221	hsa-miR-557	0.133972854537178	6.65642002004336	1.7620719721484	0.0782862633609588	0.26666761182254	-5.59594563946205
MIMAT0004571	hsa-miR-200b-5p	-0.289740076491535	7.55133653557664	-1.76086280674873	0.0784908442345588	0.26666761182254	-5.59805901603456
MIMAT0000680	hsa-miR-106b-5p	0.262442724188972	12.0718124899588	1.72035913447289	0.0855992122592863	0.287136598084948	-5.66801686338976
MIMAT0002177	hsa-miR-486-5p	-0.366937400144322	7.24429507137903	-1.71423399336354	0.0867181680126562	0.287253931541924	-5.67845512589121
MIMAT0004689	hsa-miR-377-5p	-0.0790766955182542	6.35152455097106	-1.69078993731703	0.0911106538213515	0.294141280909671	-5.71806525262644
MIMAT0000275	hsa-miR-218-5p	-0.317273304229482	7.59056889026798	-1.68945981240309	0.0913651398910801	0.294141280909671	-5.72029629756719
MIMAT0005939	hsa-miR-1281	-0.0730370030527352	6.45665506791956	-1.68549413678705	0.0921272691151044	0.294141280909671	-5.72693762761093
MIMAT0001638	hsa-miR-409-5p	-0.11020794816612	6.49662095314851	-1.67945655325682	0.0932973888259457	0.294331048081853	-5.73701894743179
MIMAT0000646	hsa-miR-155-5p	0.420825248889502	8.99935961064878	1.65581412050742	0.0979947842741548	0.300329326436326	-5.77614941168023
MIMAT0000762	hsa-miR-324-3p	-0.226775273112215	9.08256846603167	-1.65472518274845	0.0982156157033006	0.300329326436326	-5.7779383980992
MIMAT0000423	hsa-miR-125b-5p	-0.42805044355792	13.1297135713346	-1.64755844012183	0.099678941585538	0.300329326436326	-5.78968320489927
MIMAT0000445	hsa-miR-126-3p	-0.454103391848183	9.47356465192381	-1.64730015267537	0.0997320027411195	0.300329326436326	-5.79010553670263
MIMAT0000733	hsa-miR-379-5p	-0.244128082364212	7.35842671411268	-1.63544513256281	0.102191803158747	0.303090793420645	-5.80941897928864
MIMAT0005949	hsa-miR-664	-0.0971070425004026	6.62782398594605	-1.6270433274991	0.103964182203521	0.303090793420645	-5.8230225414122
MIMAT0000730	hsa-miR-377-3p	-0.338765603975634	8.16081773013233	-1.62649717818492	0.104080234721806	0.303090793420645	-5.823904409127
MIMAT0000510	hsa-miR-320a	-0.262430139989355	9.34154485613321	-1.61262915061567	0.107061755228321	0.305091804472123	-5.84619830933008
MIMAT0000720	hsa-miR-376c-3p	-0.337252459263246	8.30899924107715	-1.61259144044684	0.107069954022292	0.305091804472123	-5.84625867204118
MIMAT0003886	hsa-miR-769-5p	-0.186636626274377	7.79728536352949	-1.60098805023915	0.109616458538981	0.309025122476914	-5.86476545364241
MIMAT0002173	hsa-miR-483-3p	-0.119381045603054	6.4015681092207	-1.57336935519444	0.115870568167328	0.323217900677283	-5.90828019155121
MIMAT0002819	hsa-miR-193b-3p	0.311581917329804	10.5828371009472	1.56372410858761	0.118119677784448	0.324589996772206	-5.92329906914365
MIMAT0000257	hsa-miR-181b-5p	0.314004091361636	9.00933169239839	1.55734548916206	0.119625801182933	0.324589996772206	-5.93318084580262
MIMAT0000231	hsa-miR-199a-5p	-0.373476128955812	8.72185880181311	-1.55561473252648	0.120037055410099	0.324589996772206	-5.9358551980191
MIMAT0003393	hsa-miR-425-5p	0.312162282978811	10.127463922438	1.54128050833076	0.123485821032725	0.325429686465262	-5.95789044272439
MIMAT0004603	hsa-miR-125b-2-3p	-0.197417770132374	7.08174665886831	-1.540549796457	0.12366368106116	0.325429686465262	-5.95900828282768
MIMAT0000263	hsa-miR-199b-5p	-0.467248279378864	8.60221999473907	-1.53904048176449	0.124031691822609	0.325429686465262	-5.961315554153
MIMAT0000682	hsa-miR-200a-3p	-0.476196898773107	10.990634749821	-1.51743251358966	0.129394578368202	0.33617218889778	-5.99410031257703
MIMAT0000687	hsa-miR-299-3p	-0.103031683463091	6.53966849255291	-1.50300998569958	0.133073277687133	0.342372995991167	-6.0157258736379
MIMAT0002175	hsa-miR-485-5p	-0.0593975959350956	6.33156899999612	-1.46618342888531	0.142834120280233	0.356331431817	-6.07001089881954
MIMAT0004568	hsa-miR-221-5p	-0.186282131186275	6.87943212083844	-1.46558960297772	0.142995903193366	0.356331431817	-6.07087524576305
MIMAT0000435	hsa-miR-143-3p	-0.321870229967808	8.61471097088278	-1.46346880949143	0.143574845029606	0.356331431817	-6.073959330688
MIMAT0004606	hsa-miR-136-3p	-0.139616071486167	6.74625001243542	-1.46059448986072	0.144362357643389	0.356331431817	-6.07813209770864
MIMAT0002814	hsa-miR-432-5p	-0.109381149943535	6.61881899102983	-1.4574710918451	0.145221866551834	0.356331431817	-6.0826571911429
MIMAT0002890	hsa-miR-299-5p	-0.193957472379226	6.90550910320776	-1.44154814380483	0.149664710174854	0.363863744920517	-6.10557582843355
MIMAT0000256	hsa-miR-181a-5p	0.307306154281124	9.45408340795306	1.43398294986823	0.151811605138935	0.365727957834706	-6.11637681591077
MIMAT0000443	hsa-miR-125a-5p	-0.277967831111209	9.68412616522189	-1.41867110272242	0.156228631190607	0.372978263653251	-6.13806447745683
MIMAT0000770	hsa-miR-133b	-0.151991584441194	6.54562487886668	-1.40683292069366	0.159709984775951	0.377885231835956	-6.15467294640649
MIMAT0000226	hsa-miR-196a-5p	0.689680753461916	9.36834587974525	1.40045043298707	0.161611145447163	0.378999588880514	-6.16356973554949
MIMAT0004587	hsa-miR-23b-5p	-0.0901287105721735	6.55881257215697	-1.38992530162078	0.164783573099027	0.381507203269045	-6.17815300867574
MIMAT0000729	hsa-miR-376a-3p	-0.281531425098729	8.16784312987424	-1.3873735568867	0.165559729720529	0.381507203269045	-6.18167210055893
MIMAT0004776	hsa-miR-505-5p	0.119528454995588	6.77026582642307	1.38253209959051	0.16703990577875	0.381599784753179	-6.18833119540053
MIMAT0000737	hsa-miR-382-5p	-0.130224512202727	6.78556280258242	-1.3749488155676	0.169378316647836	0.383634648817748	-6.19871483417578
MIMAT0000063	hsa-let-7b-5p	-0.234580541665508	15.6775851190694	-1.36229956892065	0.173333448179912	0.38844448318569	-6.21590846869703
MIMAT0004775	hsa-miR-502-3p	-0.125370488467134	7.41481905669242	-1.35872324763082	0.174464116418875	0.38844448318569	-6.22074089001869
MIMAT0002174	hsa-miR-484	-0.0988929958828981	6.85441921992395	-1.35420832666194	0.175899388612388	0.38844448318569	-6.22682348178905
MIMAT0000098	hsa-miR-100-5p	-0.357658109773599	10.2580386973258	-1.3394975991608	0.18063701226651	0.395609985542357	-6.24650200480474
MIMAT0000752	hsa-miR-328-3p	-0.0493032618812812	6.33910762615856	-1.3285989654146	0.184207657906922	0.39938720589281	-6.2609428632935
MIMAT0004597	hsa-miR-140-3p	-0.211530765879525	9.47505077854536	-1.32506704386017	0.185375948395531	0.39938720589281	-6.2655974702464
MIMAT0003163	hsa-miR-539-5p	-0.0906811279719495	6.57371688688542	-1.31302598614552	0.189400128231368	0.404766403075102	-6.28137311726354
MIMAT0003228	hsa-miR-564	-0.0491388419534893	6.35589544838249	-1.29490118099831	0.195578508122477	0.413139935568534	-6.30484858074685
MIMAT0001639	hsa-miR-409-3p	-0.129564251443168	6.99843590862747	-1.29241805198796	0.196436346723152	0.413139935568534	-6.30803940922114
MIMAT0005898	hsa-miR-1246	0.44580908161387	10.1665515338753	1.28321674190662	0.199639149431935	0.416569878735928	-6.31980985845293
MIMAT0000064	hsa-let-7c-5p	-0.222758286740683	13.7557139845434	-1.27368649066178	0.20299653744663	0.417988399373853	-6.33191265125023
MIMAT0004514	hsa-miR-29b-1-5p	-0.1308213161212	6.9618772841565	-1.27121698655228	0.203873190730423	0.417988399373853	-6.33503407723363
MIMAT0004695	hsa-miR-337-5p	-0.143050413979041	6.913097190067	-1.26788688847875	0.205059710858104	0.417988399373853	-6.33923371543628
MIMAT0000104	hsa-miR-107	0.204972130351623	10.2382044668812	1.26350612852896	0.206628227614999	0.417988399373853	-6.3447416226849
MIMAT0000415	hsa-let-7i-5p	0.197129917213942	13.1755973039833	1.25465722843682	0.209823107822805	0.421235784644267	-6.35580929363072
MIMAT0000252	hsa-miR-7-5p	0.389260333588615	8.05953505880751	1.22881679295577	0.219357342178578	0.437065381032504	-6.38768476737496
MIMAT0000437	hsa-miR-145-5p	-0.299137345795298	10.2790767970522	-1.21899144024968	0.223063062094349	0.441132175037333	-6.39963117089637
MIMAT0000433	hsa-miR-142-5p	0.31618039074867	8.56015810878413	1.21293942042171	0.225367837942782	0.442388718924721	-6.40694204914749
MIMAT0004682	hsa-miR-361-3p	-0.152165544513482	8.45875944406816	-1.17775026350032	0.239106359567593	0.465905774157442	-6.44873145874442
MIMAT0000459	hsa-miR-193a-3p	0.179282050324074	8.11666444800109	1.16806991807917	0.24298738786744	0.470012100619501	-6.46001218933786
MIMAT0000416	hsa-miR-1-3p	-0.173262171993255	6.66137466067965	-1.14515078630929	0.25235221367835	0.483442500735468	-6.48634997650996
MIMAT0000446	hsa-miR-127-3p	-0.223969563917927	8.07666663008023	-1.13968278047362	0.254623184552039	0.483442500735468	-6.49255664166537
MIMAT0003237	hsa-miR-572	-0.175005575088043	7.50842021318068	-1.13552737281572	0.256358497872328	0.483442500735468	-6.49725356555123
MIMAT0003240	hsa-miR-575	0.254369803152442	7.82248279155519	1.13345284964489	0.25722789661774	0.483442500735468	-6.49959202416595
MIMAT0003308	hsa-miR-638	-0.276985301464622	10.0310015168983	-1.12324365667774	0.261536236066002	0.486463375260967	-6.51103792027585
MIMAT0000073	hsa-miR-19a-3p	0.228215142592286	9.58314500538026	1.12096022574535	0.262506651555918	0.486463375260967	-6.51358381259358
MIMAT0000254	hsa-miR-10b-5p	-0.357234917103332	10.1455419869769	-1.11274772137457	0.266017375831136	0.489545865244799	-6.52269753269946
MIMAT0000065	hsa-let-7d-5p	0.258220520415756	9.90063303104939	1.09880288496412	0.272052428455512	0.491779208112049	-6.53801941217034
MIMAT0000280	hsa-miR-223-3p	-0.332428061540984	10.3471839626627	-1.09696047046049	0.272856752109735	0.491779208112049	-6.54002933935633
MIMAT0000083	hsa-miR-26b-5p	-0.425315070521289	10.2001025984852	-1.09664071792845	0.272996508800749	0.491779208112049	-6.54037782098657
MIMAT0000765	hsa-miR-335-5p	-0.211686433010912	7.3003419079848	-1.0928569111873	0.274654048304088	0.491779208112049	-6.54449389449317
MIMAT0000426	hsa-miR-132-3p	-0.113187251694207	7.55750808963279	-1.0770068046745	0.281672053935465	0.500960364381867	-6.56158150460896
MIMAT0000710	hsa-miR-365a-3p	0.221007450469414	9.56456802008653	1.0504794612994	0.29368809037387	0.518848959660503	-6.58962241305135
MIMAT0002171	hsa-miR-410-3p	-0.105692308981262	6.81949716827837	-1.04250202509897	0.297367974554526	0.521870948721519	-6.59791848015209
MIMAT0001618	hsa-miR-191-3p	0.0465530396404867	6.48323048677872	1.02960958418152	0.303380053244545	0.528919171775029	-6.61119239207464
MIMAT0002874	hsa-miR-503-5p	0.148034637343821	7.22920717107468	1.02125449596326	0.307319142804668	0.529746178405645	-6.61970662910421
MIMAT0000685	hsa-miR-34b-5p	-0.168651103191666	8.44253615928547	-1.01847318777311	0.30863790591388	0.529746178405645	-6.62252554979674
MIMAT0000457	hsa-miR-188-5p	0.124734647282287	7.20770480659892	1.01592054638807	0.309851538312736	0.529746178405645	-6.62510595641741
MIMAT0005793	hsa-miR-320c	-0.156056335038315	10.8897023114568	-0.997025489047971	0.318933046998558	0.539545510487168	-6.644005475652
MIMAT0000084	hsa-miR-27a-3p	0.169206686288799	13.3719183693488	0.995538093915694	0.319655264703719	0.539545510487168	-6.64547818033682
MIMAT0005927	hsa-miR-1274a	-0.167669842083369	9.22204169939259	-0.984914939642427	0.324844546867187	0.544834208353194	-6.65593257979744
MIMAT0000070	hsa-miR-17-5p	0.179483634806348	9.06180870051285	0.974367868371914	0.33005065919813	0.550084431996883	-6.66620131350719
MIMAT0005948	hsa-miR-664*	0.115495641336461	7.07993757326769	0.951921471815343	0.341309339780647	0.560045073905889	-6.68768785421633
MIMAT0004774	hsa-miR-501-3p	0.0684367118761164	6.76130715929315	0.951342382167188	0.341603019853478	0.560045073905889	-6.68823556388849
MIMAT0000279	hsa-miR-222-3p	-0.247867744787243	8.1417295240585	-0.949837080205597	0.342367177255676	0.560045073905889	-6.68965773875748
MIMAT0004599	hsa-miR-143-5p	-0.0643175581042401	6.68169473819378	-0.942947036125598	0.345878820321752	0.562318327516958	-6.69613858840069
MIMAT0000076	hsa-miR-21-5p	0.202504977800833	15.5580177136116	0.923748617621808	0.355784355000286	0.574208294310442	-6.71394825699869
MIMAT0000707	hsa-miR-363-3p	0.274656607459699	7.98237522028539	0.917155875149384	0.359226831177023	0.574208294310442	-6.71997971201426
MIMAT0004761	hsa-miR-483-5p	0.181182495297663	7.73650109938766	0.916266661619877	0.359692742851069	0.574208294310442	-6.72078991829567
MIMAT0004557	hsa-miR-34a-3p	-0.0638096007525748	6.63731786088806	-0.890846787273791	0.373172094888767	0.591613000182161	-6.74361927038345
MIMAT0003888	hsa-miR-766-3p	0.0526747151695561	6.95167376928564	0.887331807245553	0.375060317096615	0.591613000182161	-6.74672555721198
MIMAT0000449	hsa-miR-146a-5p	0.211981496091356	9.41227164342741	0.879449668662996	0.379315985424602	0.594785420932068	-6.75364663169961
MIMAT0003180	hsa-miR-487b-3p	-0.0923636180876244	6.88782525395322	-0.85474817493703	0.392844131229851	0.612374675152415	-6.77493673529544
MIMAT0004945	hsa-miR-744-5p	-0.0764589722378828	6.68595393710531	-0.832095671210449	0.40550395205409	0.628412557276806	-6.79392827966598
MIMAT0004767	hsa-miR-193b-5p	-0.0636103854488121	6.82532683515819	-0.816078186933807	0.414601189762628	0.638775088878468	-6.8070495867954
MIMAT0002176	hsa-miR-485-3p	-0.0296879664641994	6.32102850850329	-0.811493117010642	0.417227386199933	0.639105533774463	-6.81075871040512
MIMAT0002816	hsa-miR-494-3p	-0.319193512454232	10.3067808972855	-0.805124105945002	0.420891616937236	0.641013094760733	-6.81587632331267
MIMAT0000434	hsa-miR-142-3p	0.273785592029263	12.0965493985445	0.794039928394789	0.427313485722068	0.64707470695056	-6.82468659509215
MIMAT0004558	hsa-miR-181a-2-3p	-0.0665304880917814	6.83052739418168	-0.77031730852382	0.441248158326669	0.662299423448571	-6.84313251784019
MIMAT0005929	hsa-miR-1275	0.169011670639989	8.24813904074409	0.768433056674828	0.442366030001498	0.662299423448571	-6.84457368870176
MIMAT0000757	hsa-miR-151-3p	0.133530408941554	9.49812675107566	0.737308496737311	0.461064494592449	0.686416241949433	-6.86786908809064
MIMAT0000245	hsa-miR-30d-5p	-0.160407876981534	10.3226583276941	-0.718672385076741	0.472468725756356	0.698777901698045	-6.881356841054
MIMAT0000074	hsa-miR-19b-3p	-0.120830665631785	10.4692315752302	-0.715149955425625	0.474641593606219	0.698777901698045	-6.88386740663149
MIMAT0000450	hsa-miR-149-5p	-0.165818451657733	7.86337970139614	-0.681200539933349	0.495862898753938	0.724070572792288	-6.90743250388777
MIMAT0000455	hsa-miR-185-5p	-0.0920317062584539	9.26513058708045	-0.666746262529587	0.505049583009786	0.724070572792288	-6.9171180159692
MIMAT0004982	hsa-miR-939-5p	0.104835316830131	7.54627697260517	0.66332701578043	0.507235805406675	0.724070572792288	-6.91937882248841
MIMAT0004594	hsa-miR-132-5p	-0.055181534196354	6.80745662066271	-0.651087583206923	0.515102144826932	0.724070572792288	-6.92737632572467
MIMAT0000442	hsa-miR-9-3p	0.148594009725435	6.93455494021089	0.649998992175278	0.515804846352976	0.724070572792288	-6.92808042610957
MIMAT0000755	hsa-miR-323-3p	0.0204116434106378	6.28379301054261	0.645819871208539	0.518507148262334	0.724070572792288	-6.93077254349625
MIMAT0002809	hsa-miR-146b-5p	0.162632495239383	9.52988252553968	0.644390611644943	0.51943301372352	0.724070572792288	-6.93168926541461
MIMAT0000318	hsa-miR-200b-3p	-0.203989799002136	12.4864926063447	-0.64149138644122	0.521313734209462	0.724070572792288	-6.93354258332521
MIMAT0004955	hsa-miR-374b-5p	-0.0930461823776954	7.56194834634314	-0.638381273889325	0.523335150612091	0.724070572792288	-6.93552142471693
MIMAT0000086	hsa-miR-29a-3p	-0.0961008968297214	13.7215081010754	-0.637493083005116	0.523913168222125	0.724070572792288	-6.93608478104363
MIMAT0000419	hsa-miR-27b-3p	-0.124647260942778	10.134439404284	-0.636061225012613	0.524845683447584	0.724070572792288	-6.93699132080513
MIMAT0003338	hsa-miR-660-5p	-0.12284956349297	8.74346542163898	-0.628980533806631	0.529469544506735	0.724070572792288	-6.94144431083538
MIMAT0000243	hsa-miR-148a-3p	-0.174904605640319	10.5601234126249	-0.628386819400956	0.529858194447174	0.724070572792288	-6.94181542929971
MIMAT0004614	hsa-miR-193a-5p	-0.101881247251336	8.42648682186998	-0.625718374135457	0.531606769218377	0.724070572792288	-6.94347909373221
MIMAT0001536	hsa-miR-429	-0.173043338727147	9.78988123100754	-0.623889853405587	0.532806647903759	0.724070572792288	-6.94461501479694
MIMAT0000756	hsa-miR-326	-0.0488555852897656	6.64140938582742	-0.599694904129553	0.548811481188485	0.742015523035451	-6.95933266197597
MIMAT0003322	hsa-miR-652-3p	-0.0860640857264823	7.61897297879247	-0.592161550731164	0.553842815179845	0.745016984886594	-6.96379639517289
MIMAT0002888	hsa-miR-532-5p	-0.0766653798216481	8.1693092212376	-0.573895038655006	0.566135626172303	0.757706772402325	-6.97438566831294
MIMAT0006764	hsa-miR-320d	-0.0933332389010531	11.3545365438593	-0.555326392595784	0.578764587695352	0.769494002986806	-6.98481021478506
MIMAT0004780	hsa-miR-532-3p	-0.0466953329396054	7.05545099402908	-0.552424427169407	0.580750190933438	0.769494002986806	-6.98640843307244
MIMAT0002805	hsa-miR-489-3p	-0.077889250392734	6.62952784359772	-0.540405634513646	0.589007580180704	0.770022749618019	-6.99293850456822
MIMAT0000269	hsa-miR-212-3p	0.032113701810454	6.54245505031489	0.538071093016543	0.590617773592695	0.770022749618019	-6.99419025975763
MIMAT0003340	hsa-miR-542-5p	-0.085070527982877	7.52088955191242	-0.537300616664742	0.591149635727488	0.770022749618019	-6.99460219172249
MIMAT0001413	hsa-miR-20b-5p	0.12950443437497	9.43277088396267	0.534952031156707	0.592772229894626	0.770022749618019	-6.99585421275701
MIMAT0000069	hsa-miR-16-5p	-0.179699387381774	13.0646316445244	-0.520880376063571	0.602536599333439	0.773187888651085	-7.00324092426208
MIMAT0003266	hsa-miR-598-3p	-0.0579388004480847	6.63916269243869	-0.518313642275229	0.604325456633457	0.773187888651085	-7.0045670701564
MIMAT0004494	hsa-miR-21-3p	0.121905086037951	9.21121495947634	0.518010765962834	0.60453670033568	0.773187888651085	-7.00472312432109
MIMAT0000101	hsa-miR-103a-3p	0.0740796847737304	12.7713935340592	0.514654819756605	0.606879550337456	0.773187888651085	-7.00644614163572
MIMAT0004493	hsa-miR-20a-3p	-0.0657922253174688	7.19621429747566	-0.485170761732115	0.627634926108435	0.795805049850408	-7.02110269474763
MIMAT0002876	hsa-miR-505-3p	-0.0464282273136067	7.27497891790635	-0.48036995094121	0.631043160570158	0.796316369290913	-7.02340737730337
MIMAT0005792	hsa-miR-320b	-0.0849877087316049	10.7352331808605	-0.459930431029599	0.645641145969541	0.809155639821312	-7.0329631793743
MIMAT0000077	hsa-miR-22-3p	0.0795745488501147	14.1166099785329	0.45758592558965	0.647324511857049	0.809155639821312	-7.03403272275381
MIMAT0000227	hsa-miR-197-3p	-0.0755940760008524	7.88674977324005	-0.44497329272798	0.656411282218683	0.816661923887094	-7.03969273045101
MIMAT0000078	hsa-miR-23a-3p	0.0785677081449165	13.5437968328955	0.437973515753471	0.661476425572614	0.819118003629639	-7.04276569240395
MIMAT0000092	hsa-miR-92a-3p	0.0824114414769648	8.93315340916863	0.42827110228767	0.668522928151496	0.82234347354465	-7.04694458449137
MIMAT0000617	hsa-miR-200c-3p	0.104936856580577	9.23311150592202	0.425847766219243	0.670287510511866	0.82234347354465	-7.04797372460798
MIMAT0004602	hsa-miR-125a-3p	-0.063276071517202	7.33461467315759	-0.402207926697617	0.687595478092118	0.839690330388992	-7.05770680169691
MIMAT0000432	hsa-miR-141-3p	0.108140079126625	11.5047499151901	0.370498979826018	0.711069587268504	0.860654001552524	-7.06988968056867
MIMAT0000451	hsa-miR-150-5p	0.146689013402154	10.8984793983684	0.370246743026702	0.711257457886803	0.860654001552524	-7.06998258468545
MIMAT0004762	hsa-miR-486-3p	-0.0223417687953438	6.29751027582742	-0.355385299914941	0.722357173083575	0.866015771185871	-7.07534470547141
MIMAT0000232	hsa-miR-199a-3p	0.128186081500077	12.8755094747643	0.354062679772984	0.723347893439762	0.866015771185871	-7.07581127542362
MIMAT0000253	hsa-miR-10a-5p	0.129118916158241	8.87827844967955	0.351201786611425	0.725492457370805	0.866015771185871	-7.07681453936819
MIMAT0000266	hsa-miR-205-5p	-0.152851207660712	10.0020977084986	-0.336282877917303	0.736710476340057	0.875324205970256	-7.08191446266344
MIMAT0003330	hsa-miR-654-5p	-0.010290433085042	6.32677051526505	-0.330575240119298	0.741017289978648	0.875324205970256	-7.08380704910858
MIMAT0000085	hsa-miR-28-5p	-0.0577070420204295	8.18604331372385	-0.324767259472195	0.745408173684669	0.875324205970256	-7.08569965687853
MIMAT0000097	hsa-miR-99a-5p	-0.105592429444576	10.9025072283347	-0.323320928495837	0.746502907733124	0.875324205970256	-7.08616574678263
MIMAT0003299	hsa-miR-630	0.0381846701118196	6.82845953930245	0.292341762046302	0.770070815257953	0.898981348208624	-7.09564957644423
MIMAT0000689	hsa-miR-99b-5p	-0.054403625963622	8.36936653141337	-0.278042573239723	0.781022787722075	0.90776771379978	-7.09970517195035
MIMAT0003389	hsa-miR-542-3p	-0.0422300558406548	7.30285121289507	-0.268398786427283	0.788433893748951	0.912379833377607	-7.10232558049701
MIMAT0000062	hsa-let-7a-5p	-0.0808842566928671	13.5551272787293	-0.263320242074013	0.792344446015932	0.912918600844444	-7.10366834731634
MIMAT0002817	hsa-miR-495-3p	0.0192980617529868	6.55082019895582	0.248199501258654	0.804018272870323	0.922358624721367	-7.10751440974071
MIMAT0004697	hsa-miR-151-5p	0.0453652459520555	8.87594912977931	0.229321464188515	0.818654243862172	0.934448272946983	-7.11199703962133
MIMAT0000414	hsa-let-7g-5p	-0.0628380046534467	10.9911573200696	-0.220344271463436	0.825636777137529	0.934448272946983	-7.11400435719409
MIMAT0000424	hsa-miR-128-3p	-0.0369351264063313	7.98198366656897	-0.218980275835832	0.826698928041033	0.934448272946983	-7.11430233570801
MIMAT0000068	hsa-miR-15a-5p	0.0443242135097774	12.0358739571724	0.205828564830598	0.836956249757631	0.934448272946983	-7.11708053450368
MIMAT0000760	hsa-miR-331-3p	0.0295772011450515	9.96644288092803	0.203288896952976	0.838940253110641	0.934448272946983	-7.11759720485809
MIMAT0003329	hsa-miR-411-5p	-0.0114473089600473	6.39006640981224	-0.202369883587585	0.839658444995496	0.934448272946983	-7.1177825885559
MIMAT0005593	hsa-miR-1238-3p	-0.00921115130647987	6.55290849655003	-0.201852241639621	0.840063031458933	0.934448272946983	-7.11788663769036
MIMAT0000705	hsa-miR-362-5p	-0.0274427416462499	8.07162111288384	-0.198394640935029	0.842766555601242	0.934448272946983	-7.11857480174637
MIMAT0004683	hsa-miR-362-3p	-0.0269400639556014	7.55256041070695	-0.188256939693866	0.850703886840346	0.935226123054333	-7.12052397003106
MIMAT0000728	hsa-miR-375	0.0787138824460136	9.43556022127211	0.184432734579655	0.85370203911511	0.935226123054333	-7.1212326978374
MIMAT0004484	hsa-let-7d-3p	-0.00528735158423643	6.29518869430161	-0.183981998123291	0.854055553883579	0.935226123054333	-7.12131527327218
MIMAT0000222	hsa-miR-192-5p	-0.0388164450772814	8.26764314385232	-0.172667796470837	0.862938764735652	0.941064908045052	-7.1233218592646
MIMAT0004748	hsa-miR-423-5p	0.0160136548526504	7.5525767996593	0.163876935091427	0.869852862284436	0.944717247972851	-7.12479304415985
MIMAT0003945	hsa-miR-765	0.0175529946033937	6.82834619194478	0.156097654659524	0.875979677561702	0.94748822266878	-7.12603083949088
MIMAT0000066	hsa-let-7e-5p	0.0400755058788107	12.1243908235698	0.147273360799327	0.882938524408315	0.95113296328538	-7.12736205637101
MIMAT0003294	hsa-miR-625-5p	-0.0249627110955437	7.72724750510872	-0.121451391355138	0.903351814577757	0.969183120903262	-7.13081264651959
MIMAT0000761	hsa-miR-324-5p	-0.0124182587892978	8.36259602597232	-0.0943285734400624	0.924862326113946	0.985607132703351	-7.13372299079742
MIMAT0000418	hsa-miR-23b-3p	-0.0170871278159499	10.2881767960856	-0.0922652617828037	0.926501148375819	0.985607132703351	-7.13391444353724
MIMAT0001080	hsa-miR-196b-5p	-0.0170790941271299	7.85171297196518	-0.0857128222495061	0.931707577911309	0.985607132703351	-7.1344943651116
MIMAT0000075	hsa-miR-20a-5p	-0.0206524275790887	11.5354375658045	-0.0758242680360705	0.939570283909892	0.985607132703351	-7.13528870290177
MIMAT0000096	hsa-miR-98-5p	0.0211828417816218	8.68358763605536	0.075492349099927	0.939834309934834	0.985607132703351	-7.1353136786835
MIMAT0003258	hsa-miR-590-5p	0.0178755254953868	8.8328776027308	0.0720748658054659	0.942553138226271	0.985607132703351	-7.13556446094331
MIMAT0000732	hsa-miR-378a-3p	0.00668712127877047	6.88525180906328	0.069383032656374	0.944695138515665	0.985607132703351	-7.13575381561066
MIMAT0000456	hsa-miR-186-5p	-0.00785678212450236	8.2784395461614	-0.0637563204737045	0.949173815550304	0.986396318120904	-7.13612634625528
MIMAT0000271	hsa-miR-214-3p	-0.0138851725784734	10.9806786156777	-0.0560260042259676	0.955329485584932	0.988915287812527	-7.13658680543342
MIMAT0003885	hsa-miR-454-3p	-0.0079526234338454	7.55306623264502	-0.0380575674068701	0.969647480383373	0.990937384181837	-7.13742747564072
MIMAT0000688	hsa-miR-301a-3p	-0.00910907383201298	9.24503001542016	-0.0367622354435271	0.97068008854934	0.990937384181837	-7.13747567036501
MIMAT0000067	hsa-let-7f-5p	-0.0130975932260586	11.1359499675879	-0.0356653026585921	0.971554576108564	0.990937384181837	-7.13751517841764
MIMAT0004552	hsa-miR-139-3p	0.00181453801563958	6.66872862641093	0.0269246542946585	0.978523858582697	0.990937384181837	-7.13778722939498
MIMAT0000460	hsa-miR-194-5p	-0.00282809154974473	7.40463313114257	-0.0228300354591791	0.981789265556282	0.990937384181837	-7.13788853876471
MIMAT0002813	hsa-miR-493-5p	-0.00201024263844118	6.60687657954354	-0.0208768835334694	0.983346990607728	0.990937384181837	-7.13793098980904
MIMAT0004954	hsa-miR-543	0.000595641152743021	6.34115540358214	0.0143141893416111	0.98858146086858	0.990937384181837	-7.13804583607658
MIMAT0001341	hsa-miR-424-5p	0.00426915424055618	9.07973243178334	0.0141747769638331	0.988692663706206	0.990937384181837	-7.13804781113645
MIMAT0000727	hsa-miR-374a-5p	0.00270909318690471	8.12626347972481	0.0113606790290165	0.990937384181837	0.990937384181837	-7.13808354542079
