	logFC	AveExpr	t	P.Value	adj.P.Val	B
MIMAT0005893	-0.686113036400701	6.61499108995754	-9.98676595862784	1.04310913469907e-22	2.77467029829952e-20	40.724041904825
MIMAT0005942	-0.338553357572465	6.29618883638275	-8.70315380005551	9.22849198469039e-18	1.22738943396382e-15	29.5357620471691
MIMAT0005938	-1.67177637680894	12.1663553837196	-8.13978060682542	8.9044410205247e-16	7.89527103819857e-14	25.0581461050941
MIMAT0005954	-1.4616790509945	14.7917669492682	-5.8990966427106	4.61319667363651e-09	3.06777578796828e-07	9.99535159449059
MIMAT0002177	-1.078327693687	7.23591739183023	-4.04116462110344	5.61841374149046e-05	0.00298899611047292	0.990678361114044
MIMAT0005911	-0.856157947424524	10.7293819593941	-3.88771771065615	0.000106102473079339	0.00470387630651737	0.393172942830776
MIMAT0000076	0.990261059058092	15.5183476761163	3.60069550198442	0.0003288566574181	0.0124965529818878	-0.663683256542901
MIMAT0005927	-0.722632261568289	9.18637078165066	-3.41675726592828	0.000652536628387551	0.0216968428938861	-1.29918011559021
MIMAT0007890	-0.303997297352468	6.87149294939674	-3.1852126734296	0.00147952216324967	0.0437280994916013	-2.05257467851764
MIMAT0003308	-0.90117842512813	10.0100865528207	-2.91704986902488	0.00359197651051907	0.0955465751798071	-2.86001815757167
MI0000063_MIMAT0000063	0.609529137780415	15.6509850470014	2.83310574954236	0.00467829055459078	0.113129571592832	-3.09837808774673
MIMAT0000084	0.559935623406828	13.324666149987	2.64390878605418	0.00829033763270488	0.183769150858291	-3.6103732146757
MIMAT0000080	0.398659854410329	12.0984862147004	2.5825642223305	0.00991128836163721	0.202800208015038	-3.76886653628078
MIMAT0002816	-1.18459555839312	10.270133461165	-2.40269182397671	0.0164090630367613	0.28583281976267	-4.21234673532788
MIMAT0000068	0.635172436259367	11.99262302658	2.3635281656861	0.0182427285601985	0.28583281976267	-4.30470039570896
MIMAT0000078	0.52494459958022	13.5064216788554	2.34693968254056	0.0190720476248701	0.28583281976267	-4.34336469742487
MI0000434_MIMAT0000415	0.459713441018048	13.1411284069803	2.33500763268139	0.0196888027837301	0.28583281976267	-4.37100880860162
MIMAT0000418	0.538654042459517	10.2689957868833	2.33426423097352	0.0197277990780909	0.28583281976267	-4.37272649283068
MIMAT0003299	-0.376823487360132	6.81860391731304	-2.30780978654394	0.0211601747013902	0.28583281976267	-4.43349823302271
MIMAT0000417	0.452608081391057	12.8836422354611	2.30191933653093	0.0214911894558398	0.28583281976267	-4.44693636860442
MIMAT0003228	-0.104716164265745	6.34842466202161	-2.21548390525136	0.0268930506814071	0.340645308631156	-4.64020578081515
MIMAT0000761	0.351610800297781	8.34257295841168	2.1481884577974	0.0318761010599468	0.367070700584968	-4.78559445939911
MIMAT0000419	0.518796102358049	10.1088465987173	2.12732745119138	0.0335735599224362	0.367070700584968	-4.82975946573411
MIMAT0000104	0.429912125333209	10.2171805277862	2.12314462411222	0.0339230768654035	0.367070700584968	-4.83856344154372
MIMAT0004697	0.518545582085111	8.86422308387384	2.10705236899561	0.0352969311922112	0.367070700584968	-4.87227377984166
MIMAT0000232	0.94604906068008	12.8391180252425	2.10039446261543	0.0358790910346209	0.367070700584968	-4.88614636593277
MIMAT0003237	-0.377407187352328	7.49257221025093	-1.96452181309511	0.0496742746764933	0.489383594961008	-5.15972260763653
MIMAT0000710	0.50832026306329	9.54050338203633	1.93696590523352	0.0529577299502744	0.503098434527606	-5.2129881258073
MIMAT0004795	-0.512283676224107	8.91593113184041	-1.90602572579011	0.0568588606272417	0.521532997477458	-5.27190368353161
MIMAT0004982	-0.37446098344209	7.53578913346979	-1.8892460725545	0.0590728017820271	0.523778842467307	-5.30346049091704
MIMAT0000436	-0.631589628873507	7.687959053035	-1.80072232461182	0.071969560600876	0.592659636995119	-5.46534773835061
MIMAT0005929	-0.490681222236533	8.23203603832848	-1.79216330678686	0.0733304569310861	0.592659636995119	-5.4805902037028
MI0000065_MIMAT0000065	0.525152690818666	9.88673575434891	1.79094766591988	0.0735254436873644	0.592659636995119	-5.48274923586071
MIMAT0000457	-0.270607327808698	7.19947897075168	-1.7528542673697	0.0798537823236577	0.624738414649792	-5.54966604439716
MIMAT0000269	0.127696128606023	6.53362968459972	1.72188596740887	0.0853190237035377	0.626668543760375	-5.60301119393122
MIMAT0000062	0.65908981185197	13.5383193614945	1.71534693183587	0.0865108841817006	0.626668543760375	-5.61415411086479
MIMAT0004600	-0.321402613624687	6.59380712528778	-1.70430098334625	0.0885547571347004	0.626668543760375	-5.63288120395115
MIMAT0002872	-0.106008720157178	6.40112892290352	-1.68946589726328	0.0913608599918519	0.626668543760375	-5.65784279532245
MIMAT0000755	0.0664934640412636	6.2764601792079	1.68676181620596	0.0918799744611077	0.626668543760375	-5.66236928185164
MIMAT0000451	-0.820606102876475	10.8596339424501	-1.66412484040017	0.0963193330194395	0.640523564579273	-5.69997913734459
MIMAT0000426	0.215803751364891	7.54211581880621	1.64805909724777	0.0995730150236627	0.646010292592543	-5.7263642911248
MIMAT0000255	0.306431845248753	12.9468738872592	1.58700106242265	0.112746356045244	0.675606496099948	-5.82431555488788
MIMAT0000753	0.537536111593338	10.5854264406877	1.5754259217825	0.115392238201452	0.675606496099948	-5.8424694348709
MIMAT0000101	0.284743216874087	12.7280525045066	1.57297392886805	0.115958947439013	0.675606496099948	-5.84629802548354
MIMAT0000244	0.366905782754609	10.0860392016305	1.56246541681764	0.118412534519941	0.675606496099948	-5.86263892787781
MIMAT0000067	0.710685225597915	11.1242395923436	1.55239038951654	0.120803002446421	0.675606496099948	-5.87820327742735
MIMAT0001631	-0.922071459074798	11.938828044909	-1.54618988664934	0.122292864602078	0.675606496099948	-5.88773221835912
MIMAT0000087	0.641321270757517	10.727912103996	1.53830625993735	0.124207863040026	0.675606496099948	-5.89979291201147
MIMAT0003240	-0.427885212526898	7.80989888127504	-1.52721738691287	0.12694098558489	0.675606496099948	-5.91665314231619
MIMAT0002820	0.358486591656028	9.13185068222618	1.51912384939205	0.128965248726729	0.675606496099948	-5.92888233618196
MI0000066_MIMAT0000066	0.514292029350777	12.0942500143031	1.51220277649119	0.130716105642175	0.675606496099948	-5.93928859028684
MIMAT0000231	0.448778370904467	8.70969010942691	1.49943543975181	0.133994286333688	0.675606496099948	-5.95836079863326
MIMAT0000256	0.398689149256156	9.43566796289341	1.49140181375891	0.13608942958875	0.675606496099948	-5.97027904487794
MIMAT0004594	0.156617656196592	6.79593137923549	1.48735944136035	0.13715319845638	0.675606496099948	-5.97625195262309
MIMAT0003945	0.204757798396775	6.82289837716528	1.41102168714002	0.158468398137671	0.766410798265828	-6.08601252359304
MI0000433_MIMAT0000414	0.491164255813876	10.9719857184941	1.38193549187886	0.167219909966286	0.794294572339857	-6.12631683952119
MIMAT0000271	0.421679588302323	10.9547637784514	1.36443257777132	0.172658637504026	0.800877606564115	-6.15016694806475
MIMAT0000703	0.206233078209183	10.1851813978168	1.35819841096475	0.174627448047815	0.800877606564115	-6.15858863261155
MIMAT0005898	-0.580170224519922	10.1317989606804	-1.33822790277754	0.181047287269072	0.804057880565526	-6.18530767485756
MIMAT0000088	0.459751571115162	9.32310462928605	1.33724894796998	0.181366439225307	0.804057880565526	-6.18660729424204
MIMAT0000318	0.509221122397466	12.4376211674672	1.27725063994729	0.201733183412158	0.879584651133961	-6.26444780843247
MIMAT0004610	0.172850575792343	7.27465672096321	1.25540289283308	0.20954958355878	0.879584651133961	-6.29190744938167
MIMAT0000510	-0.254178348222958	9.31692454356977	-1.25084352760206	0.211208100521901	0.879584651133961	-6.29757834110383
MIMAT0000449	0.373131478194693	9.38400773534485	1.24348875196831	0.213903469499227	0.879584651133961	-6.30668274991325
MIMAT0000077	0.269533012694181	14.0611367622616	1.23623781092203	0.216585016823757	0.879584651133961	-6.31560618471264
MIMAT0004911	-0.130458597784712	7.37239768179366	-1.23178742794423	0.218242808176096	0.879584651133961	-6.32105730230304
MIMAT0004597	-0.237670143042289	9.4434936149892	-1.19636472640142	0.231764126789182	0.920138175013768	-6.36374589369641
MIMAT0000617	0.358115611672501	9.22153195882445	1.15631226026603	0.247757840837528	0.95689721265029	-6.41051671006765
MIMAT0004484	0.0399443756424285	6.2872139953382	1.11815583005787	0.263699186977237	0.95689721265029	-6.45359517639233
MIMAT0000263	0.421520773308408	8.58507864608016	1.11668243929494	0.26432864491328	0.95689721265029	-6.45522970021127
MIMAT0000450	0.334551665778719	7.84413230632965	1.10495585668218	0.269375416930043	0.95689721265029	-6.46816203015313
MIMAT0005793	-0.214404648433343	10.8584300846003	-1.09868347614502	0.272101866289169	0.95689721265029	-6.47502340769283
MIMAT0003329	0.0773241856670923	6.38183867880525	1.09764956132829	0.272553092751216	0.95689721265029	-6.47615066733239
MIMAT0002813	0.130188526350646	6.597037214716	1.08299346965599	0.279004527382842	0.95689721265029	-6.492016003894
MIMAT0004784	0.30659063337881	8.64145983014377	1.08194689580663	0.279469161567668	0.95689721265029	-6.49314078468129
MIMAT0000762	-0.185596234203008	9.06301336247011	-1.08033362491312	0.280186416150023	0.95689721265029	-6.49487248340622
MIMAT0000250	-0.172849367050918	6.91016090289737	-1.07988358281788	0.280386726444562	0.95689721265029	-6.49535510225931
MIMAT0001341	0.403666686397713	9.05450682423859	1.07922307520339	0.28068088963911	0.95689721265029	-6.49606305788503
MIMAT0002809	0.335043640253343	9.4994096822947	1.06624147906521	0.28650495976442	0.95689721265029	-6.50988943135132
MIMAT0004614	-0.214640354538488	8.40575611958772	-1.06180748642807	0.288512817631035	0.95689721265029	-6.51457369638062
MIMAT0001080	0.260897347192991	7.83320990686282	1.05381776507612	0.292154747493724	0.95689721265029	-6.52296519463526
MIMAT0002171	0.131641932096055	6.80872249034265	1.04233631814881	0.297442221869855	0.95689721265029	-6.53491320481634
MIMAT0000459	0.198624185961887	8.09962981273394	1.03988208421047	0.298580709210429	0.95689721265029	-6.53745021793861
MIMAT0000245	0.276712937515395	10.2957719476056	0.993876881254389	0.320460744226053	0.998689077135471	-6.58390205165006
MIMAT0002819	0.238675860464413	10.5456369924483	0.959609802579693	0.337423298043604	0.998689077135471	-6.61713814135029
MIMAT0003326	0.264839579095769	8.12255798718432	0.945956222483472	0.344340031225419	0.998689077135471	-6.63005651855762
MIMAT0000266	-0.531834444780658	9.97930873110655	-0.938269554767705	0.348273571115504	0.998689077135471	-6.63724794456266
MIMAT0004605	-0.0718659907841115	6.4672547982598	-0.935528972853933	0.34968291118793	0.998689077135471	-6.63979778392543
MIMAT0000074	-0.19731373107936	10.4264752278504	-0.935302661132905	0.3497994533992	0.998689077135471	-6.64000801155416
MIMAT0000085	0.20546897648244	8.16746976615574	0.929482335788477	0.352805181773565	0.998689077135471	-6.64539723128489
MIMAT0003180	0.124091536315728	6.87668336970291	0.922445660524171	0.356460829438009	0.998689077135471	-6.65186784288973
MIMAT0000425	0.241253067428449	10.6717508681865	0.90878980485525	0.363623140927429	0.998689077135471	-6.66428502316514
MI0000064_MIMAT0000064	0.198431520776518	13.7144905557788	0.907180192404533	0.364473258527958	0.998689077135471	-6.66573644745354
MIMAT0000687_MIMAT0002890	0.148191032467839	6.89480939690604	0.883156581548732	0.3773087632813	0.998689077135471	-6.68709367328996
MIMAT0002176	0.0401297528580491	6.31346084156646	0.879448446294278	0.379314536903266	0.998689077135471	-6.69033923901089
MIMAT0002817	0.0844804970295128	6.54148598717619	0.875286340192147	0.381573673631014	0.998689077135471	-6.69396589788732
MIMAT0000081	0.157506447149653	8.84541753573788	0.869511983041024	0.38472157401882	0.998689077135471	-6.69896893543954
MIMAT0005792	-0.198754976078936	10.7083246728039	-0.860869382220109	0.389462704892247	0.998689077135471	-6.70639528209177
MIMAT0000437	-0.262078704423419	10.2468529385222	-0.857102073767152	0.391540451192226	0.998689077135471	-6.70960923510312
MIMAT0000752	0.0391293410111881	6.3317068172287	0.84823265235032	0.396458639887327	0.998689077135471	-6.7171202879615
MIMAT0004776	0.0894907981963744	6.75971076708547	0.82529142835767	0.409351824655679	0.998689077135471	-6.73618600307942
MIMAT0004595	-0.111904893029219	7.02167707081932	-0.820343801046386	0.41216482415953	0.998689077135471	-6.74022936511593
MIMAT0000461	0.316689745691134	10.4881102877906	0.815772859441754	0.414773827090711	0.998689077135471	-6.7439433021935
MIMAT0000226	0.494083914763413	9.34131916253047	0.806108139244151	0.420322334402589	0.998689077135471	-6.7517277286061
MIMAT0000279	-0.260232785699545	8.11767985844402	-0.803149252957455	0.422029715727293	0.998689077135471	-6.75409242527615
MIMAT0002805	0.143420996806968	6.61865557628203	0.801811592198552	0.42280292700958	0.998689077135471	-6.75515861182237
MIMAT0000252	0.297674220879387	8.0353450303769	0.755979441121815	0.449793284191114	0.998689077135471	-6.79061660120981
MIMAT0000253	0.342469274785016	8.85499429931364	0.748547978567947	0.45425996178456	0.998689077135471	-6.79616953407948
MIMAT0000093	0.1358436608019	10.5918836491751	0.722301285831117	0.470234239729834	0.998689077135471	-6.81534292073361
MIMAT0004674	-0.0443656603266085	6.63812193924246	-0.716045597950031	0.474086911537165	0.998689077135471	-6.81981183975119
MIMAT0003239	-0.141342201125012	7.94488650058659	-0.711040470519345	0.477181867760204	0.998689077135471	-6.82335941562309
MIMAT0000455	-0.120838683299474	9.23386820197064	-0.701243970684521	0.48327151345188	0.998689077135471	-6.83023109504452
MIMAT0000446	0.171279267536241	8.05788417904123	0.700510836910207	0.483728932603597	0.998689077135471	-6.83074151478957
MIMAT0000720	0.178350263302556	8.2861527056862	0.685853745053475	0.492922990538373	0.998689077135471	-6.84083406462215
MIMAT0005939	-0.0368966270096198	6.45055158463333	-0.67859778114333	0.4975089442565	0.998689077135471	-6.84575144441441
MIMAT0000756	0.068464170233967	6.63014501588918	0.676861526383298	0.498609664005931	0.998689077135471	-6.8469203580978
MIMAT0004695	0.0945443110816475	6.90071992896926	0.673112350053131	0.500990914219893	0.998689077135471	-6.84943424039423
MIMAT0002175	0.0337400322150208	6.32379988471557	0.668713106443227	0.503792721938665	0.998689077135471	-6.85236621038555
MIMAT0002821	-0.118661439843053	7.46052484514879	-0.664533013753884	0.506462607547713	0.998689077135471	-6.85513432188304
MIMAT0000095	0.277050125252726	10.1812499777893	0.658876717996327	0.510087189358913	0.998689077135471	-6.85885237752697
MIMAT0000096	0.226529777713727	8.65743890592171	0.649596835358489	0.516063079984844	0.998689077135471	-6.86488352654944
MIMAT0004602	-0.126248479214365	7.32026681737594	-0.64516347853138	0.518930770810499	0.998689077135471	-6.86773466026952
MIMAT0000760	0.116470772443383	9.94115300263179	0.638646282197569	0.523161290742176	0.998689077135471	-6.87189050467718
MIMAT0001343_MIMAT0003393	0.157827786920003	10.0901225418117	0.624246536818292	0.532571061425554	0.998689077135471	-6.88092332567144
MIMAT0000728	-0.328482084021057	9.39819248466254	-0.618787436156637	0.536160694351333	0.998689077135471	-6.88429394911999
MIMAT0000733	0.1146164171623	7.34274705666918	0.616043711361446	0.537969423933065	0.998689077135471	-6.88597683980481
MIMAT0004606	0.0730220402632638	6.73497066885981	0.614489600617927	0.538995289813275	0.998689077135471	-6.8869267531261
MIMAT0004603	-0.0972205202824572	7.06868545616228	-0.611568004738324	0.540926483595649	0.998689077135471	-6.88870601776741
MIMAT0004775	-0.0694690098033623	7.39691006543992	-0.606364718270873	0.544374439606098	0.998689077135471	-6.89185385428852
MIMAT0000443	0.147750791722691	9.65535131488356	0.604299004863995	0.54574631006741	0.998689077135471	-6.89309609615298
MIMAT0002173	0.0566398703743189	6.39396226653458	0.600142163441113	0.548512121428279	0.998689077135471	-6.89558302194826
MIMAT0000731_MIMAT0000732	-0.0711626038650985	6.87434183412231	-0.594464596828628	0.5523009291753	0.998689077135471	-6.89895203654038
MIMAT0000729	0.149423307002333	8.14554516226823	0.591615435345204	0.554207092875164	0.998689077135471	-6.90063064106299
MIMAT0003340	0.116403951647066	7.5045112924969	0.591498936732483	0.554285102033724	0.998689077135471	-6.90069910555375
MIMAT0003294	0.150430494388602	7.70678399113744	0.589238873596074	0.555799536457483	0.998689077135471	-6.90202464420259
MIMAT0000757	0.128750620244046	9.46353265264988	0.571542582732919	0.567726953677683	0.998689077135471	-6.91222827690812
MIMAT0005901	-0.0889635742485586	7.19362356397711	-0.568374700576568	0.569875001715412	0.998689077135471	-6.91402205357837
MIMAT0002814	0.052215165093215	6.61076349308821	0.558234438757735	0.576776784434441	0.998689077135471	-6.91969685784035
MIMAT0000083	0.266782175042892	10.1722182610974	0.55290582950265	0.580419347012845	0.998689077135471	-6.92263798644871
MIMAT0000682	0.214142673237981	10.9423925412943	0.54659378379281	0.584748080328958	0.998689077135471	-6.92608544101071
MIMAT0004814	0.0869952369021538	7.02728228537154	0.545651920611606	0.585395286343875	0.998689077135471	-6.9265964667665
MIMAT0001638	0.0438267513351986	6.48765070704927	0.536284743287115	0.591850041295404	0.998689077135471	-6.93163085854829
MIMAT0000693	0.115118747595912	8.52559007944475	0.53523500468612	0.592575431548082	0.998689077135471	-6.93218961120171
MIMAT0000092	-0.128456860633573	8.92020468296994	-0.533266756248094	0.593936629313158	0.998689077135471	-6.9332343168233
MIMAT0000258	-0.116811225235554	7.8937217968353	-0.530707991068152	0.595708353271648	0.998689077135471	-6.93458670481907
MIMAT0004682	-0.0831776955973247	8.43148837311124	-0.518668471284442	0.604076873826766	0.998689077135471	-6.94086269886053
MIMAT0004587	0.0417734620030412	6.54858863521071	0.518069755800254	0.604494409840468	0.998689077135471	-6.94117104164225
MIMAT0004761	0.12796546395762	7.72513957440791	0.514853853470335	0.606739351158599	0.998689077135471	-6.9428211629639
MIMAT0001618	0.0289692306281459	6.47698762251108	0.511660344770312	0.608972343387019	0.998689077135471	-6.9444496299318
MIMAT0001639	0.0637884606365606	6.98667916264632	0.509736206339858	0.610319520731868	0.998689077135471	-6.94542591677952
MIMAT0004589	-0.0533351060029323	6.96895643721604	-0.509210972265397	0.610687491099046	0.998689077135471	-6.94569177598731
MIMAT0000460	-0.0778208885289988	7.38479354245338	-0.506255670959355	0.612759760492693	0.998689077135471	-6.94718256142596
MIMAT0005948	0.075555631014895	7.06570094937644	0.500349022900602	0.616910815759775	0.998689077135471	-6.9501361446173
MIMAT0000689	0.120916982558194	8.34961730145815	0.497102780348281	0.619197441274752	0.998689077135471	-6.95174465376035
MIMAT0000435	0.13511373098066	8.58805560881096	0.495071783850809	0.620629938056062	0.998689077135471	-6.95274568760535
MIMAT0000254	0.195207005842481	10.1127214142109	0.489684236874083	0.624436841146003	0.998689077135471	-6.95538124450607
MIMAT0004954	0.0252885111373287	6.33340115004938	0.488541076591123	0.625245908332343	0.998689077135471	-6.9559367645654
MIMAT0000261	0.178784370795745	9.83068628945581	0.48836876397145	0.625367901150317	0.998689077135471	-6.95602038751808
MIMAT0000281	0.168117883980641	7.29953401285789	0.488020863217109	0.625614237068693	0.998689077135471	-6.95618913314997
MIMAT0000424	0.101500734028345	7.96042338717918	0.484230195596134	0.628300978837463	0.998689077135471	-6.95801996641006
MIMAT0004774	0.0425003641931037	6.74908610666301	0.475698504791582	0.634366075999594	0.998689077135471	-6.96208843220368
MIMAT0001413	-0.141759997284595	9.39599601767733	-0.472196291826286	0.636862929764323	0.998689077135471	-6.96373758591859
MIMAT0000681	-0.111914765562253	13.0318827813729	-0.464638585726038	0.642265148666892	0.998689077135471	-6.96725491643048
MIMAT0004694	0.123833291942094	9.08230225856235	0.452299148167544	0.651126086599882	0.998689077135471	-6.97287571879996
MIMAT0000442	0.12458377326062	6.91999785389364	0.439699131348246	0.660225342087563	0.998689077135471	-6.97845915935049
MIMAT0002874	0.0783505661497967	7.21375875045443	0.435413014318086	0.663332201896728	0.998689077135471	-6.98032251998673
MIMAT0004673	0.0951714893313396	8.82468154309957	0.432441908530747	0.665489265631257	0.998689077135471	-6.98160347963995
MIMAT0006764	-0.0900820961863822	11.32693082871	-0.429885642930936	0.667347371041072	0.998689077135471	-6.98269856813411
MIMAT0005949	-0.0317989956174189	6.61712841591243	-0.429521922058142	0.667611919830995	0.998689077135471	-6.98285385645083
MIMAT0003389	0.0832856078786177	7.28617842185605	0.426129548160323	0.670081317433934	0.998689077135471	-6.9842958805536
MIMAT0000452	0.0544787174988475	6.90087206013949	0.423453357247286	0.672031910080525	0.998689077135471	-6.98542540490995
MIMAT0000730	0.109602284854226	8.13779356915207	0.423140013397018	0.672260441656577	0.998689077135471	-6.98555719088465
MIMAT0000456	0.0637541696635431	8.25386056255497	0.416742567957849	0.676932903790974	0.998689077135471	-6.98822650222402
MIMAT0000420	0.0987397079474768	9.63143104117816	0.406564352920566	0.684392363880778	0.998689077135471	-6.99238953355909
MIMAT0000688	-0.12081453131002	9.20690698410859	-0.392292150742507	0.694904227220685	0.998689077135471	-6.99805374238953
MIMAT0000070	0.0878751461997487	9.03287317284613	0.383379801614007	0.701498482412046	0.998689077135471	-7.00148815709237
MIMAT0000227	0.0811783495748672	7.8751468640353	0.383288119349297	0.701566436327206	0.998689077135471	-7.00152307725122
MIMAT0003879	0.0417957658268753	6.66445851394884	0.370686372993076	0.710929240404452	0.998689077135471	-7.00624340899633
MIMAT0000243	-0.128190118437706	10.5240459673998	-0.370230982562219	0.711268413866173	0.998689077135471	-7.00641103461547
MIMAT0000267	0.135176245923403	9.87257952315871	0.349943168882603	0.726435882112658	0.998689077135471	-7.01366978600879
MIMAT0000278	-0.0814556470232803	8.05529810173907	-0.34325584087715	0.731459392679818	0.998689077135471	-7.0159728331007
MIMAT0000692	-0.0666251377744667	8.64277189120182	-0.342918834746408	0.731712858582535	0.998689077135471	-7.01608771868405
MIMAT0004514	0.0430993050023512	6.94924675742882	0.337172785253386	0.736039013380265	0.998689077135471	-7.01802918787253
MIMAT0001536	0.11589749279892	9.74952133303401	0.334715699261672	0.737891503675743	0.998689077135471	-7.01884937352863
MIMAT0004951	-0.0511378557043463	6.77522139251739	-0.314181457015889	0.75343172241845	0.998689077135471	-7.02546927600257
MIMAT0004945	0.0350748146640587	6.67470721415635	0.307440577257875	0.758555421276425	0.998689077135471	-7.02755109445693
MIMAT0000707	-0.108414791778429	7.95833998192079	-0.291751732562384	0.770521233263198	0.998689077135471	-7.03222155026766
MIMAT0002876	-0.034155069435192	7.25986903076318	-0.28486961825885	0.775787684494663	0.998689077135471	-7.03419314131081
MIMAT0000099	-0.0656128384440056	9.01401990519664	-0.27818069462302	0.780916211691765	0.998689077135471	-7.03606429271305
MIMAT0000445	-0.0908846622315096	9.45394740919696	-0.265104634495853	0.790969290742612	0.998689077135471	-7.03959378415196
MIMAT0004494	-0.077294701053189	9.17775387708121	-0.264519982294575	0.79141960827098	0.998689077135471	-7.03974762589732
MIMAT0000759	0.0462296626269652	9.327400441291	0.262499046342429	0.792976732684457	0.998689077135471	-7.04027678651491
MIMAT0004550	0.0502280448564427	7.30007197574826	0.259756172192478	0.795091429587355	0.998689077135471	-7.04098848778751
MIMAT0001627	0.00738557335709622	6.24255516605699	0.2593510459706	0.795403901375033	0.998689077135471	-7.04109297346432
MIMAT0000737	0.0305281109966558	6.77471339297345	0.259110311529157	0.79558959418683	0.998689077135471	-7.04115498379025
MIMAT0002174	0.0226075906347791	6.84307238751849	0.249425747844608	0.803069378553157	0.998689077135471	-7.04360186013606
MIMAT0003221	-0.0233942384768264	6.64751970155349	-0.245973552705544	0.805740060659427	0.998689077135471	-7.04445155307505
MIMAT0000770	0.0334164766185276	6.53782236744341	0.241839698978753	0.80894107092804	0.998689077135471	-7.04545344433018
MIMAT0000416	-0.0451799247281466	6.65000353053603	-0.240510517727825	0.809970992967811	0.998689077135471	-7.0457719806815
MIMAT0000082	0.049708224684049	10.9579612739185	0.228468003508997	0.819316996048187	0.998689077135471	-7.04857795346921
MIMAT0000098	0.075620812068359	10.22923619135	0.227540311987598	0.820038047998292	0.998689077135471	-7.04878813312013
MIMAT0003266	0.0302220346050301	6.62760948201266	0.218039141932601	0.82743153499123	0.998689077135471	-7.05089151107737
MIMAT0003888	0.0159441820554846	6.94091125956451	0.21525901465094	0.829597865383894	0.998689077135471	-7.05149001564758
MIMAT0000433	-0.067000103249649	8.53235433474395	-0.206901236217611	0.83611816274891	0.998689077135471	-7.05324302772802
MIMAT0000765	-0.049206000508299	7.28181185340272	-0.204864427502892	0.837708901417259	0.998689077135471	-7.05365972225487
MIMAT0004767	-0.0193923180632183	6.81313576188407	-0.199971483637525	0.841532972019199	0.998689077135471	-7.05464388550083
MIMAT0004955	-0.0343913833813501	7.5437558917133	-0.190058027795047	0.849292205310034	0.998689077135471	-7.05656494745274
MIMAT0005796	-0.0188047080284921	6.80068682718745	-0.189082294174173	0.850056712736858	0.998689077135471	-7.05674874967381
MIMAT0003885	-0.0489322486502246	7.53243516632141	-0.188548744625716	0.850474819562014	0.998689077135471	-7.0568488561198
MIMAT0005593	0.0107554033136745	6.54629485190475	0.185334971437858	0.852994123339765	0.998689077135471	-7.05744585237075
MIMAT0000736	0.0343632105942495	7.31038212491487	0.185327147069478	0.853000258770977	0.998689077135471	-7.0574472933161
MIMAT0003330	-0.00712690417961337	6.31917731935217	-0.183889233012198	0.854127941180115	0.998689077135471	-7.05771106854035
MIMAT0000089	-0.0425436973760842	7.15011126720859	-0.178006814270774	0.858744304623644	0.998689077135471	-7.0587687632161
MIMAT0004557	-0.0156303902744357	6.62635658696578	-0.175799779641562	0.860477582728985	0.998689077135471	-7.05915673137409
MIMAT0000646	0.0535661410109673	8.97437243616111	0.169514321081411	0.865417481046767	0.998689077135471	-7.06023511372286
MIMAT0000069	-0.071542889072461	13.0234039856985	-0.16676550075958	0.867579514844236	0.998689077135471	-7.06069438485962
MIMAT0000072	0.0326316473946733	7.44513633924735	0.164855538810217	0.869082345170721	0.998689077135471	-7.06100907927424
MIMAT0003338	0.0396584224844823	8.71398666219147	0.163432389138214	0.870202441394917	0.998689077135471	-7.06124120747816
MIMAT0000094	-0.0328061559688164	7.06586731570795	-0.159230153428133	0.873511342769222	0.998689077135471	-7.06191488441097
MIMAT0000423	-0.0508290164038829	13.0826392032699	-0.156973595855173	0.87528910722647	0.998689077135471	-7.06226940093688
MIMAT0000680	0.0288108957846189	12.0177490195804	0.150831058839159	0.880131496893625	0.998689077135471	-7.06320879202963
MIMAT0000097	0.0597806782188322	10.8726950247288	0.147325154653351	0.882897356079731	0.998689077135471	-7.06372815126049
MIMAT0002871	-0.0149682516968097	7.25783402780578	-0.144928117711171	0.884789238757043	0.998689077135471	-7.06407621464598
MIMAT0000432	0.0492927639581424	11.4546515137348	0.135059140159629	0.89258522974847	0.998689077135471	-7.06544910299387
MIMAT0004552	-0.0109602687771311	6.65808172071876	-0.131060229984875	0.895747170241887	0.998689077135471	-7.06597784467309
MIMAT0005865	-0.0552226566254763	11.3369890496682	-0.124988011118699	0.900551632433523	0.998689077135471	-7.06675033855315
MIMAT0004748	-0.0147164777414623	7.53690430961203	-0.121322091915612	0.903453960058851	0.998689077135471	-7.06719897168826
MIMAT0004599	-0.0102822174014596	6.67006867796272	-0.121292673431552	0.903477256105638	0.998689077135471	-7.06720251789367
MIMAT0000075	0.0411238057267944	11.4905905474045	0.121290911023094	0.903478651732534	0.998689077135471	-7.06720273031321
MIMAT0003150	-0.0183014413728575	6.99204438497686	-0.119795380539472	0.904663048831186	0.998689077135471	-7.06738187099589
MIMAT0004689	0.00674250443434143	6.34350863497666	0.115521406275005	0.908049018034245	0.998689077135471	-7.06788157343801
MIMAT0003886	0.0166704973817327	7.77496580209787	0.115096153304513	0.90838600858958	0.998689077135471	-7.06793030008929
MIMAT0004762	-0.00818887893060793	6.28954104635754	-0.104991321609415	0.916398276557417	0.998689077135471	-7.06903527298747
MIMAT0004568	-0.0151150819112491	6.86651653063536	-0.0957999423595452	0.923693667762802	0.998689077135471	-7.06995223928166
MIMAT0003258	0.0294188545624374	8.80103023479542	0.0953060351264272	0.924085879873444	0.998689077135471	-7.06999913658209
MIMAT0000434	-0.0404781742064504	12.0370401053953	-0.0945516280871795	0.924684990710206	0.998689077135471	-7.07007030086672
MIMAT0002888	0.0154652336417884	8.14587841356341	0.0932207029174099	0.9257420463342	0.998689077135471	-7.07019446996433
MIMAT0000431	0.0202794140168638	10.1411457179848	0.0861199721460964	0.931383805413767	0.998689077135471	-7.0708271882438
MIMAT0004504	-0.0185663344503775	6.90521863363389	-0.0786002117408081	0.937362256271059	0.998689077135471	-7.07144261980349
MIMAT0000447	0.0109863191126411	7.19724017945421	0.0779215036134863	0.93790203006878	0.998689077135471	-7.07149540192063
MIMAT0000100	0.0250633303897345	9.51588321537948	0.0775340306491281	0.938210198558718	0.998689077135471	-7.07152532985772
MIMAT0004493	0.0121134848195616	7.17918774699499	0.0720360725792844	0.942583860731049	0.998689077135471	-7.07193390839158
MIMAT0000763	0.0258182266425253	8.80975748917491	0.067740362681712	0.94600233973318	0.998689077135471	-7.07223223944665
MIMAT0003163	0.00529565125166531	6.56376257805467	0.061690152594201	0.950818704942213	0.998689077135471	-7.07262131766497
MIMAT0000691	-0.0135805955356085	9.32226832313944	-0.0601488976477129	0.952045939806475	0.998689077135471	-7.07271461965965
MIMAT0004601	0.00969167779303159	7.1998748717645	0.0601109434994733	0.952076162506736	0.998689077135471	-7.07271688748628
MIMAT0000222	-0.0167626256891609	8.24107179102695	-0.0600033608295434	0.952161830428814	0.998689077135471	-7.07272330795923
MIMAT0004558	-0.00626596199472296	6.81776589475706	-0.0583112138485265	0.953509356755757	0.998689077135471	-7.07282278121647
MIMAT0004780	-0.00608512640983871	7.0415766087001	-0.0580076623608593	0.953751101493944	0.998689077135471	-7.07284032456986
MIMAT0000086	-0.0098349139837417	13.6716643395032	-0.0522078078190989	0.958370828095525	0.998689077135471	-7.07315793138675
MIMAT0004683	-0.00874964506105957	7.53211283660837	-0.0493132358519462	0.96067695919401	0.998689077135471	-7.07330393739656
MIMAT0000275	-0.0108500641568234	7.57152908555936	-0.0465248576150144	0.962898796568273	0.998689077135471	-7.07343671360059
MIMAT0000438	0.00895848622189988	8.0825874006664	0.0429512399502303	0.96574674833034	0.998689077135471	-7.07359558496053
MIMAT0003322	0.00660922433472333	7.59910901028833	0.0366431196576343	0.970774974281858	0.998689077135471	-7.07384505183464
MIMAT0000073	-0.00914838526903861	9.54401263252997	-0.0362149532608432	0.971116311705921	0.998689077135471	-7.0738605514518
MIMAT0001412	0.00567611051787864	7.2741105508139	0.0324037230199952	0.974154878846028	0.998689077135471	-7.07399049008088
MIMAT0000257	-0.0080211145495559	8.98237855680247	-0.0319752051574193	0.974496546192082	0.998689077135471	-7.07400419711473
MIMAT0000686	0.00521211155211709	7.27885712844863	0.0250036471682098	0.980055746221651	0.998689077135471	-7.07420156405859
MIMAT0004571	0.00483221453289406	7.53105243784802	0.0235986400596514	0.981176241083076	0.998689077135471	-7.07423549267735
MIMAT0003233	-0.00554318810005583	7.74360000640159	-0.0211424779492654	0.98313512130767	0.998689077135471	-7.07429009295331
MIMAT0000687	0.00161148154125268	6.5301014458468	0.0188626186298968	0.984953484884361	0.998689077135471	-7.0743354092471
MIMAT0000727	0.00456081006056674	8.10166467005848	0.0154145728763923	0.987703712814227	0.998689077135471	-7.0743941323909
MIMAT0000265	-0.00182332966539089	6.55575457318772	-0.0119897321995203	0.990435576812653	0.998689077135471	-7.074440765057
MIMAT0000685	-0.00144839799656538	8.41601878357366	-0.00705031237525919	0.994375751870215	0.998689077135471	-7.0744874928223
MIMAT0000280	0.00239521925397668	10.3232209031617	0.00634974609432752	0.994934606920675	0.998689077135471	-7.07449215712837
MIMAT0000705	0.00021844780197533	8.049323629292	0.00127102002412654	0.998986060623597	0.998986060623597	-7.07451138736184
