	name	logFC	AveExpr	t	P.Value	adj.P.Val	B
MIMAT0005942	hsa-miR-1288	-0.302387896619237	6.25603989142119	-11.0599097600946	1.96281682218663e-27	5.22109274701643e-25	51.3758413745725
MIMAT0005893	hsa-miR-1305	-0.546001178191158	6.56406460272808	-10.7042141033554	7.39558123053267e-26	9.83612303660845e-24	47.7930130196698
MIMAT0005938	hsa-miR-1274b	-0.931087918128188	11.8623791538976	-5.7912811127978	8.42155629029242e-09	7.46711324405928e-07	9.26045832354059
MIMAT0000417	hsa-miR-15b	0.715312792291197	12.6383355351014	4.75035444634181	2.21588094385686e-06	0.000147356082766481	3.89325052384566
MIMAT0005954	hsa-miR-720	-0.793266100267513	14.4856881354165	-4.1767236998818	3.11993689963539e-05	0.00165980643060603	1.37578591920869
MIMAT0000104	hsa-miR-107	0.588284062788089	10.0310490902661	3.9629686940718	7.73438622798746e-05	0.00342891122774111	0.518574534242457
MIMAT0007890	hsa-miR-1914*	-0.278383869745896	6.80684986045755	-3.88810112195145	0.000105242933607705	0.00399923147709281	0.228769199482161
MIMAT0000436	hsa-miR-144	-0.952504173571546	7.74148883042989	-3.60442472322362	0.000322613564533104	0.01008632126532	-0.820069765133506
MIMAT0000250	hsa-miR-139-5p	-0.460097427387443	7.03291562022824	-3.58967717845985	0.000341266508976994	0.01008632126532	-0.872461290145305
MIMAT0004603	hsa-miR-125b-2*	-0.383876901803897	7.07859561777273	-3.30702449183961	0.000964222728044508	0.0256483245659839	-1.83571949230234
MIMAT0000101	hsa-miR-103	0.397972641796468	12.419752889664	3.04632159789114	0.00235518842080234	0.0563657733420109	-2.65511587265471
MI0000063_MIMAT0000063	NA	0.498456534959422	15.5293851252363	3.01797972509024	0.00258561533090695	0.0563657733420109	-2.74019194540655
MIMAT0000261	hsa-miR-183	0.792599486793134	9.41564627355757	2.9986162017085	0.00275471824603812	0.0563657733420109	-2.79786503071421
MI0000065_MIMAT0000065	NA	0.645345657507852	9.75101865210168	2.96972417951633	0.00302589126272641	0.0574919339918018	-2.88323584021555
MIMAT0005927	hsa-miR-1274a	-0.455349591865409	8.94758318928112	-2.92100065360894	0.00353891481321519	0.0592907043141063	-3.02535374909031
MIMAT0005911	hsa-miR-1260	-0.465778567008051	10.4349702372042	-2.91857989030312	0.00356635815423196	0.0592907043141063	-3.03235405405835
MIMAT0004795	hsa-miR-574-5p	-0.546349863356648	8.79199280335803	-2.86170026253868	0.0042695891518804	0.0668065126117756	-3.19518464869086
MIMAT0000736	hsa-miR-381	-0.398369820934256	7.32068191061008	-2.78614356888333	0.00539806420258396	0.0723170639976101	-3.40657756846004
MIMAT0000761	hsa-miR-324-5p	0.322697006768962	8.19673493527751	2.76687692447489	0.00572598108635717	0.0723170639976101	-3.45958587876571
MIMAT0002816	hsa-miR-494	-0.988299293946945	10.0451296933191	-2.76510945970636	0.00575694588247155	0.0723170639976101	-3.46443046416963
MI0000066_MIMAT0000066	NA	0.70405214580018	11.8773025483184	2.75931868087962	0.00585945808294294	0.0723170639976101	-3.48028139717774
MIMAT0000095	hsa-miR-96	0.844506083204615	9.73003339426743	2.75256413403214	0.00598111055619331	0.0723170639976101	-3.4987288449587
MIMAT0000084	hsa-miR-27a	0.416093600337888	13.0427602724224	2.69994843451046	0.00700947500290841	0.0810661022075495	-3.6408952373699
MIMAT0002872	hsa-miR-501-5p	-0.118667631795882	6.35216892927499	-2.66320772952056	0.00781906492543444	0.0866613029235651	-3.73855592501954
MIMAT0000731_MIMAT0000732	NA	-0.296924438168707	6.91094956040422	-2.64306941839391	0.00829753158699341	0.0882857360856099	-3.79152310634242
MIMAT0003237	hsa-miR-572	-0.38172741429558	7.51779934141069	-2.56525218023251	0.0104022470456805	0.106422989005808	-3.99245012825786
MIMAT0005939	hsa-miR-1281	-0.103687568250002	6.41978398652062	-2.50597316524729	0.0123119521497009	0.117806207955653	-4.14151534105332
MIMAT0001627	hsa-miR-433	-0.0562397864686748	6.20700527161862	-2.49177959125863	0.0128129757328226	0.117806207955653	-4.17669408820816
MIMAT0003308	hsa-miR-638	-0.567347033962541	10.0675873432584	-2.48254458266427	0.013148584901669	0.117806207955653	-4.1994765892763
MIMAT0004597	hsa-miR-140-3p	-0.361584296519378	9.38305913333397	-2.47881224368107	0.0132864144310887	0.117806207955653	-4.20866034822021
MIMAT0000451	hsa-miR-150	-0.826094031721288	10.6639116382438	-2.38444941143734	0.0172228152388838	0.141231693119724	-4.43629251034433
MIMAT0000062	hsa-let-7a	0.683970843105591	13.3802757394011	2.37978083035804	0.0174417422314076	0.141231693119724	-4.44732692434552
MIMAT0002177	hsa-miR-486-5p	-0.537152026900324	7.51667910451561	-2.37693663544468	0.0175763109686061	0.141231693119724	-4.45403879056344
MIMAT0002819	hsa-miR-193b	0.447744890389036	10.3827625196775	2.36059599938231	0.018367234139789	0.141231693119724	-4.49244578683941
MIMAT0004600	hsa-miR-144*	-0.348834009840572	6.58975661853966	-2.3562430417077	0.0185831175157531	0.141231693119724	-4.50263259748169
MIMAT0004605	hsa-miR-129-3p	-0.131895308096786	6.44069923163558	-2.27535462589178	0.0230189038918079	0.17008412320058	-4.6885305515641
MIMAT0000687	hsa-miR-299-3p	-0.144134849070494	6.50353503252879	-2.19728270596716	0.0281458709501262	0.202345991154961	-4.86183760660202
MIMAT0004697	hsa-miR-151-5p	0.380372102385889	8.75812908309211	2.13325130040609	0.0330587588653784	0.231411312057649	-4.99948847874661
MIMAT0001631	hsa-miR-451	-0.903927868091698	12.092034928533	-2.09230976445377	0.0365710260926507	0.249433152324233	-5.08538100530127
MIMAT0000074	hsa-miR-19b	-0.332563175499462	10.1671182754503	-2.06503850223365	0.0390831671174322	0.255298368798289	-5.14167579376148
MIMAT0000729	hsa-miR-376a	-0.381020399137551	8.08501339728977	-2.06222494218192	0.0393505004538716	0.255298368798289	-5.14744189474865
MIMAT0000080	hsa-miR-24	0.2373980979885	11.9146872837685	2.03493649249382	0.0420249265362558	0.266140247006142	-5.20296105731127
MIMAT0004694	hsa-miR-342-5p	0.440589697920967	8.79267006048888	2.01809737946276	0.0437508795727408	0.266140247006142	-5.23685369468724
MIMAT0000720	hsa-miR-376c	-0.380684391328615	8.2258267336999	-2.01302424583628	0.0442824602982961	0.266140247006142	-5.24700964145706
MIMAT0000067	hsa-let-7f	0.672994170940829	10.9548350627424	2.00386061977244	0.0452564883480366	0.266140247006142	-5.26528992344978
MIMAT0000423	hsa-miR-125b	-0.46222407230191	12.9477489402412	-1.99675408180285	0.0460242532416637	0.266140247006142	-5.27940944554695
MI0000064_MIMAT0000064	NA	0.328315977609659	13.5626536414704	1.98630461106639	0.0471730999118027	0.266979671841266	-5.30008017958767
MIMAT0000431	hsa-miR-140-5p	-0.327332142523312	9.98079926611106	-1.96284873892167	0.0498400521368648	0.268162384196608	-5.34608666852279
MIMAT0005898	hsa-miR-1246	-0.617197341760756	9.89895245082938	-1.95555815128882	0.0506943477015202	0.268162384196608	-5.36027568756765
MIMAT0000252	hsa-miR-7	0.527194353707115	7.79067575479418	1.94843247457742	0.0515411509400681	0.268162384196608	-5.37409298168978
MIMAT0000081	hsa-miR-25	0.265094914106552	8.72888990752727	1.94234232099697	0.0522742561541471	0.268162384196608	-5.38586252470616
MIMAT0000089	hsa-miR-31	-0.333897925969417	7.06823885933918	-1.93380174943818	0.0533170172616084	0.268162384196608	-5.40230586262914
MIMAT0001536	hsa-miR-429	0.491171740753932	9.35689619076645	1.93287789111929	0.0534308509865421	0.268162384196608	-5.4040802636755
MIMAT0000096	hsa-miR-98	0.471159260724601	8.44689933564085	1.90290394655592	0.0572358129087938	0.273367845691076	-5.46119161692186
MIMAT0000450	hsa-miR-149	0.424571284370073	7.68987119339658	1.89928889064098	0.0577095992997406	0.273367845691076	-5.46801958771509
MIMAT0000730	hsa-miR-377	-0.354000715335017	8.06093553923054	-1.89343765786016	0.0584833703107518	0.273367845691076	-5.47904377001143
MIMAT0000093	hsa-miR-93	0.264317883269968	10.3025912387197	1.89272030723483	0.0585788240766591	0.273367845691076	-5.48039298495356
MIMAT0003228	hsa-miR-564	-0.0652552304511351	6.31452467982356	-1.8677117560186	0.0619884048394036	0.282340749286922	-5.52711167165075
MIMAT0000279	hsa-miR-222	-0.433057877825086	8.02916997750163	-1.86317330664563	0.0626244519095052	0.282340749286922	-5.53552366840237
MIMAT0000733	hsa-miR-379	-0.25456546572102	7.30904600741099	-1.84711640580914	0.0649182784512944	0.287804367800738	-5.56512149940002
MIMAT0000267	hsa-miR-210	0.497924503626685	9.54433905149133	1.82103696430103	0.0687914509413886	0.299975835252613	-5.61265038535755
MIMAT0000078	hsa-miR-23a	0.288204942401544	13.2723339433841	1.79493805353935	0.0728558134565933	0.307362650015106	-5.65954100975442
MIMAT0000068	hsa-miR-15a	0.345724616411337	11.6985415234337	1.78665797989609	0.0741856338145716	0.307362650015106	-5.67427655499121
MIMAT0000278	hsa-miR-221	-0.302004413621532	7.9340789626865	-1.77730807115472	0.0757110774713262	0.307362650015106	-5.69083444806562
MIMAT0000437	hsa-miR-145	-0.393528060514772	10.2874316645683	-1.77222197033449	0.0765515788118965	0.307362650015106	-5.69980516366855
MIMAT0000760	hsa-miR-331-3p	0.238062779388978	9.72634717742887	1.7684102461833	0.0771864631244495	0.307362650015106	-5.70651138562322
MIMAT0000265	hsa-miR-204	-0.212751868966881	6.57982679362797	-1.76378492303386	0.0779626219361569	0.307362650015106	-5.71462971284164
MIMAT0000452	hsa-miR-154	-0.169198553884311	6.87093642196019	-1.76016844966453	0.0785739105301774	0.307362650015106	-5.72096256336476
MI0000434_MIMAT0000415	NA	0.265639996743694	12.9234947809166	1.75251545441419	0.079880362179337	0.307944584633386	-5.73432112880391
MIMAT0000280	hsa-miR-223	-0.473642080553977	10.157099845418	-1.71603110962555	0.0863535817054198	0.328143610480595	-5.7972086774249
MIMAT0000226	hsa-miR-196a	0.72957526226696	9.02349638019902	1.70549930010796	0.0882991043830647	0.330810729097116	-5.81511706700407
MIMAT0004689	hsa-miR-377*	-0.0769085195313179	6.31325377175824	-1.69339114723926	0.0905793667628509	0.332195264992799	-5.83557015567339
MIMAT0000418	hsa-miR-23b	0.276978739503789	10.1739787814216	1.69031396381159	0.0911663697160688	0.332195264992799	-5.84074499515888
MIMAT0005948	hsa-miR-664*	0.180068002703611	6.96379360195748	1.67990082482647	0.0931755191713713	0.334928217561956	-5.85818700582292
MIMAT0004599	hsa-miR-143*	-0.111008570399793	6.65009515916483	-1.66368160772813	0.0963755996098679	0.341812126616332	-5.88514028525788
MIMAT0000253	hsa-miR-10a	0.550992944611129	8.7071737236902	1.65465636645504	0.0981940579208898	0.343679202723114	-5.90002569541533
MIMAT0004601	hsa-miR-145*	-0.195823825315228	7.17350792022542	-1.62461913994354	0.104444414038503	0.360572677252668	-5.94898518932633
MIMAT0000445	hsa-miR-126	-0.40136562527623	9.43987586457774	-1.61861081701949	0.105731837690632	0.360572677252668	-5.95867123606839
MIMAT0000318	hsa-miR-200b	0.488020149336882	11.9156481872134	1.58851799039926	0.112370560350227	0.378361633584307	-6.00664579916967
MIMAT0000753	hsa-miR-342-3p	0.409979931413531	10.3118010615516	1.58207530066639	0.113833752324748	0.378497226479787	-6.01680023076008
MIMAT0004814	hsa-miR-654-3p	-0.188102036135215	6.98972564363538	-1.56869668814098	0.116920096581167	0.383959823340621	-6.0377550827648
MIMAT0000682	hsa-miR-200a	0.470446035876305	10.4963574708582	1.55906845951004	0.119181675284644	0.386613727142871	-6.05272595495118
MIMAT0001343_MIMAT0003393	NA	0.28650558556999	9.74272236504013	1.54862928521082	0.121672358716206	0.38993792070495	-6.06885394223607
MIMAT0004614	hsa-miR-193a-5p	-0.23542327316961	8.42963711460541	-1.52312305794117	0.127929263139611	0.405056749033487	-6.107805339839
MIMAT0004673	hsa-miR-29c*	0.290296203762482	8.66544686550759	1.51298157842999	0.130485558104574	0.405056749033487	-6.12311352887567
MIMAT0000692	hsa-miR-30e	-0.214520141289343	8.51052583524318	-1.51112344149999	0.130958197055939	0.405056749033487	-6.12590726510411
MIMAT0003294	hsa-miR-625	0.270714565018683	7.53656290685048	1.48671845505096	0.137289929376441	0.418744336574373	-6.1622827710144
MIMAT0002876	hsa-miR-505	-0.139065937062848	7.16818269478042	-1.48203370323825	0.138531960971973	0.418744336574373	-6.16919780562642
MIMAT0000099	hsa-miR-101	-0.251739189416648	8.86247154118912	-1.46396103593663	0.143404737282243	0.428602922663783	-6.19567045245591
MIMAT0000710	hsa-miR-365	0.296100825519785	9.4157620227778	1.45557409046074	0.145710272159939	0.430654804383821	-6.20784552212134
MIMAT0000419	hsa-miR-27b	0.25262496416417	9.94515820837328	1.43283918907171	0.152102839577279	0.440726375193085	-6.24049820332704
MIMAT0003299	hsa-miR-630	-0.180320257319088	6.78276785759211	-1.43168956192621	0.15243167863821	0.440726375193085	-6.24213572179003
MIMAT0000232	hsa-miR-199a-3p	0.462147701118711	12.5696546883844	1.40453724816491	0.160356686940955	0.458654609960152	-6.28043009406865
MIMAT0000243	hsa-miR-148a	-0.337399908955865	10.2321036516171	-1.3744593085285	0.169495243211145	0.469538318771501	-6.32199679265101
MIMAT0004911	hsa-miR-874	-0.105346549081565	7.29964741561146	-1.37172668125158	0.170344483216872	0.469538318771501	-6.32572871353209
MIMAT0000271	hsa-miR-214	0.296994090245057	10.8486434352814	1.36285926780893	0.173122261626299	0.469538318771501	-6.33778781707709
MIMAT0003326	hsa-miR-663	0.287658979796388	7.98269033138259	1.3585036110341	0.174499051585115	0.469538318771501	-6.34368265142324
MIMAT0000266	hsa-miR-205	-0.571138217756546	9.93630069048926	-1.35619760692221	0.175231266796191	0.469538318771501	-6.34679591669935
MIMAT0003879	hsa-miR-758	-0.115998860877403	6.61313603053703	-1.35319227187286	0.17618897839156	0.469538318771501	-6.35084540745544
MIMAT0000424	hsa-miR-128	0.198713856157336	7.78269033710522	1.35216208797434	0.176518164951692	0.469538318771501	-6.35223144962986
MIMAT0002813	hsa-miR-493	0.111337574173707	6.51788419287145	1.32267927596305	0.186134644246314	0.490215993757618	-6.3914521906014
MIMAT0004775	hsa-miR-502-3p	-0.107010544778354	7.30916932822933	-1.30622719170852	0.191666599158093	0.498735222962987	-6.41296325342161
MIMAT0000435	hsa-miR-143	-0.260119524845611	8.54037762665586	-1.3019650413164	0.193119278064615	0.498735222962987	-6.41849219144795
MIMAT0004504	hsa-miR-31*	-0.218676580473991	6.83171310244066	-1.28766284343291	0.198053083116968	0.502253055501225	-6.43691348757138
MIMAT0003233	hsa-miR-551b	-0.273130289713844	7.83319432511594	-1.28707512060708	0.198257785066273	0.502253055501225	-6.43766613396327
MIMAT0000275	hsa-miR-218	-0.221802906004726	7.50406529385891	-1.28119134050874	0.200315628511512	0.502678841359078	-6.44518208963725
MIMAT0004571	hsa-miR-200b*	0.188034221825318	7.36055586811062	1.25605987486413	0.209281099340163	0.520268901163396	-6.47689820080423
MI0000433_MIMAT0000414	NA	0.330470330312338	10.7773335617655	1.24407828160088	0.21365641749482	0.526227843089093	-6.49179833689791
MIMAT0005796	hsa-miR-1271	-0.0890604745395702	6.75630339641632	-1.22084654616111	0.222327401388799	0.540555245883051	-6.52028286927435
MIMAT0000443	hsa-miR-125a-5p	0.216873641872983	9.47151980360219	1.21700469594148	0.223785294558593	0.540555245883051	-6.52494173980289
MIMAT0000432	hsa-miR-141	0.338608240316162	10.998633789289	1.21232581739514	0.225570046214356	0.540555245883051	-6.53059584996647
MIMAT0000256	hsa-miR-181a	0.217155432230921	9.28289019732451	1.14224356976875	0.253526919782304	0.602126434482973	-6.61268389060996
MIMAT0000457	hsa-miR-188-5p	-0.133893061334692	7.15729279758722	-1.1295023702402	0.258858473750948	0.609348265643824	-6.62708372107006
MIMAT0000082	hsa-miR-26a	-0.181464441859383	10.820891049991	-1.11500484877555	0.265018951867914	0.616350795960225	-6.64327236998768
MIMAT0000098	hsa-miR-100	-0.254897919388384	10.1868713572392	-1.08569635116512	0.277779990991087	0.616350795960225	-6.67536194365977
MIMAT0000617	hsa-miR-200c	0.244404175507799	8.96947616124768	1.08212118723359	0.279364821008494	0.616350795960225	-6.67921795255937
MIMAT0004606	hsa-miR-136*	-0.0971343370098428	6.69252735807656	-1.08151680813775	0.279633342342882	0.616350795960225	-6.67986855342006
MIMAT0000705	hsa-miR-362-5p	-0.140183010232902	7.92938537553559	-1.07948884384254	0.280535635387722	0.616350795960225	-6.68204896056572
MIMAT0004674	hsa-miR-30c-1*	-0.0487672320146935	6.57378091027952	-1.07662414985006	0.28181358017292	0.616350795960225	-6.68512203167461
MIMAT0000759	hsa-miR-148b	0.141863631043196	9.08032694104696	1.07346859246199	0.283225848282744	0.616350795960225	-6.68849768571762
MIMAT0001638	hsa-miR-409-5p	-0.0662727957846743	6.44077452522051	-1.07343207450435	0.283242219918155	0.616350795960225	-6.68853669285133
MIMAT0000765	hsa-miR-335	-0.204574509710158	7.26570044891902	-1.06794911092998	0.285707611010531	0.616350795960225	-6.69437835710361
MIMAT0005929	hsa-miR-1275	-0.212232471171137	8.20297110052521	-1.06476686461952	0.28714513327778	0.616350795960225	-6.6977550894299
MIMAT0004982	hsa-miR-939	-0.157398685302518	7.5263981252717	-1.05970925147203	0.28943985791837	0.616350795960225	-6.70310109880979
MIMAT0004602	hsa-miR-125a-3p	-0.150515890936923	7.2587906258559	-1.05927264457263	0.289638531936196	0.616350795960225	-6.7035614101949
MIMAT0000737	hsa-miR-382	-0.0913983261563196	6.71696377082731	-1.04720425137991	0.295166537756557	0.623129357486065	-6.71621004593757
MIMAT0000438	hsa-miR-152	-0.152586865484743	7.96362403296252	-1.03069292240393	0.30284356094245	0.627980102908097	-6.73328076877388
MIMAT0000455	hsa-miR-185	-0.131612060700173	9.05166741323934	-1.02889518662068	0.303687378431177	0.627980102908097	-6.73512305601771
MIMAT0003886	hsa-miR-769-5p	0.106111297089553	7.65754166830406	1.01405486464777	0.310712786550153	0.627980102908097	-6.75020845851475
MIMAT0002814	hsa-miR-432	-0.0715827102101247	6.57365463747708	-1.00539120465585	0.31486340508052	0.627980102908097	-6.75891400680494
MIMAT0000446	hsa-miR-127-3p	-0.178468099748462	7.99986251706423	-1.00517587360139	0.31496702912908	0.627980102908097	-6.75912942887412
MIMAT0000425	hsa-miR-130a	-0.191697961891245	10.5570734516748	-1.00420932145075	0.315432440620052	0.627980102908097	-6.76009582188065
MIMAT0002805	hsa-miR-489	0.132044349063495	6.5637644170036	1.00116441879416	0.316901568195792	0.627980102908097	-6.76313415328949
MIMAT0000707	hsa-miR-363	0.25919490576286	7.81692467209884	0.998928317525931	0.31798331565804	0.627980102908097	-6.76535956042332
MIMAT0000456	hsa-miR-186	-0.110696621630378	8.11557049030037	-0.997425456598971	0.318711706363132	0.627980102908097	-6.76685244149443
MIMAT0003330	hsa-miR-654-5p	-0.0300512260584007	6.28565226598179	-0.987886320185195	0.323360512140823	0.627988402927864	-6.77627588730759
MIMAT0000689	hsa-miR-99b	0.171445674765504	8.24728491770226	0.98772882333778	0.323437636094426	0.627988402927864	-6.77643071507219
MIMAT0000447	hsa-miR-134	0.112019901830185	7.20281312588377	0.978004596826246	0.328222689562652	0.632661126258445	-6.78594239040407
MIMAT0000756	hsa-miR-326	0.0686642193353393	6.56033628545953	0.965164424923812	0.334611070470361	0.639812286177841	-6.79835790901908
MIMAT0000770	hsa-miR-133b	-0.100379458445408	6.50817489167488	-0.958587024640424	0.337914390905183	0.639812286177841	-6.80465430312551
MIMAT0001639	hsa-miR-409-3p	-0.0898958524142275	6.92754128153298	-0.956140114740175	0.339148617861186	0.639812286177841	-6.80698569860383
MIMAT0000072	hsa-miR-18a	0.153845622461021	7.29348002878611	0.943843486090489	0.345394823027342	0.647007203699105	-6.81861171373987
MIMAT0002173	hsa-miR-483-3p	-0.0664488543347783	6.38252241797201	-0.917780062818729	0.358874956599841	0.658193786112277	-6.8427567730907
MIMAT0004695	hsa-miR-337-5p	-0.0963546748468023	6.8523169396759	-0.912929496834931	0.361419757748018	0.658193786112277	-6.8471757811506
MIMAT0001412	hsa-miR-18b	0.127955924349996	7.13683013014711	0.912540164455028	0.361624506924594	0.658193786112277	-6.84752946025596
MIMAT0000097	hsa-miR-99a	-0.256704338406521	10.8783575029091	-0.912370447537011	0.36171378351045	0.658193786112277	-6.84768358811113
MIMAT0004552	hsa-miR-139-3p	-0.0556073960495382	6.63875918019619	-0.908528119699906	0.363738671272574	0.658193786112277	-6.8511653221003
MIMAT0004945	hsa-miR-744	0.0694667241916571	6.59596031845468	0.876772150821111	0.380744513188505	0.684311084514476	-6.87937907765946
MIMAT0002175	hsa-miR-485-5p	-0.0335593878868998	6.28786054636817	-0.866684996500492	0.386247031428255	0.686064315022886	-6.88813122296125
MIMAT0003239	hsa-miR-574-3p	-0.12333121577756	7.85858645327267	-0.865533267511405	0.386878373133206	0.686064315022886	-6.88912408797598
MIMAT0004610	hsa-miR-150*	0.088057832848051	7.21080010027664	0.833036823940915	0.404950639703564	0.711992170852974	-6.91659446033762
MIMAT0003163	hsa-miR-539	-0.0535441209771097	6.51874720283274	-0.829667913211636	0.406852669058843	0.711992170852974	-6.91938223919891
MIMAT0002171	hsa-miR-410	-0.0792544264632147	6.76258028315551	-0.817484598723227	0.413775558216963	0.719374499906616	-6.92936973285312
MIMAT0005865	hsa-miR-1202	0.2503786224324	11.2997920564771	0.804425194378502	0.421273219133459	0.726539635901985	-6.93991149085943
MIMAT0000077	hsa-miR-22	-0.131228066875908	13.792238789432	-0.800815574931733	0.423359562273713	0.726539635901985	-6.94279531201374
MIMAT0004748	hsa-miR-423-5p	0.0683131901737655	7.45312465479535	0.791141912365264	0.428980655285851	0.730488185336671	-6.95045995743133
MIMAT0005593	hsa-miR-1238	-0.0354169264611297	6.51671790252733	-0.787028028502738	0.431384219408555	0.730488185336671	-6.95369126652667
MIMAT0004589	hsa-miR-30b*	-0.0592688288058651	6.90702455941092	-0.782738007108659	0.433898997305241	0.730488185336671	-6.95704299579665
MIMAT0006764	hsa-miR-320d	0.118093289087948	11.2520473269699	0.773643319864359	0.439258192140801	0.733248329811886	-6.96408799952986
MIMAT0002176	hsa-miR-485-3p	-0.0267849359122163	6.27409966786414	-0.770614091363065	0.441051626954518	0.733248329811886	-6.96641626121664
MIMAT0000088	hsa-miR-30a*	0.203301724196817	9.2067756333507	0.747257910579718	0.455019766540667	0.748159664336283	-6.98406129991535
MIMAT0003888	hsa-miR-766	-0.0402604137873368	6.87296281791172	-0.746220182302439	0.455646111362698	0.748159664336283	-6.98483268863536
MIMAT0000255	hsa-miR-34a	0.107107860237688	12.6594595830052	0.729874271544548	0.465575899167044	0.758583557702611	-6.99684198644857
MIMAT0000728	hsa-miR-375	0.290440007025945	9.04133112779657	0.726406062749189	0.467698133320407	0.758583557702611	-6.99935589002555
MIMAT0003266	hsa-miR-598	0.0665963975601782	6.5634363441562	0.685206166833836	0.493314961875	0.785397097992035	-7.02830389954862
MIMAT0000222	hsa-miR-192	0.13438904162583	8.04023940008042	0.681009365327657	0.495965969324467	0.785397097992035	-7.03115789776989
MIMAT0000442	hsa-miR-9*	0.143255109103507	6.8438542691461	0.680022984448447	0.49659014231896	0.785397097992035	-7.03182613416613
MIMAT0000070	hsa-miR-17	0.119239280653845	8.80970641251732	0.679896518840359	0.49667019893196	0.785397097992035	-7.03191173990572
MIMAT0004594	hsa-miR-132*	0.0569169815938233	6.72786935060843	0.669965104925402	0.502978537084937	0.785397097992035	-7.03858471437324
MIMAT0004484	hsa-let-7d*	0.0176878375076175	6.24754947099039	0.669711342095904	0.503140278217985	0.785397097992035	-7.038753933313
MIMAT0005792	hsa-miR-320b	0.113325735504283	10.6484960799054	0.66695613897455	0.504898134423451	0.785397097992035	-7.04058708584293
MIMAT0002174	hsa-miR-484	0.0420603647510154	6.7580189362258	0.650877891257184	0.515220537696118	0.795162737694886	-7.05113397754687
MIMAT0000646	hsa-miR-155	0.152816893542501	8.66709455645901	0.647883965540983	0.517154712861711	0.795162737694886	-7.05306950387187
MIMAT0004774	hsa-miR-501-3p	0.0406469466711492	6.67168164903091	0.632366362057554	0.527239567710282	0.799396039806974	-7.06295848122245
MIMAT0004767	hsa-miR-193b*	0.0481825776284834	6.77799059473659	0.631968780923929	0.527499268131044	0.799396039806974	-7.06320870158162
MIMAT0002871	hsa-miR-500a*	-0.0474032054248354	7.16347885545163	-0.626912779534779	0.530807539273064	0.799396039806974	-7.06637701164394
MIMAT0004493	hsa-miR-20a*	0.0756335578725356	7.0706863994395	0.625202585230643	0.531928943781332	0.799396039806974	-7.06744293653028
MIMAT0000269	hsa-miR-212	0.0362225682684025	6.48241034204348	0.615388504797163	0.538387352120233	0.804556380134731	-7.07350355661758
MIMAT0000757	hsa-miR-151-3p	0.0954306394774473	9.26215305974475	0.604321542651424	0.545717183898916	0.807697179104558	-7.08022290846008
MIMAT0003885	hsa-miR-454	0.109584737174623	7.37406850079631	0.603050765400959	0.546562000897821	0.807697179104558	-7.0809866652552
MIMAT0004955	hsa-miR-374b	-0.0769787362128964	7.4168399789447	-0.593920696756439	0.552650698705368	0.807727715749958	-7.08642672933254
MIMAT0000691	hsa-miR-130b	0.0990691518461047	9.03993880694124	0.59391305989905	0.552655805513129	0.807727715749958	-7.08643124495936
MIMAT0000762	hsa-miR-324-3p	-0.0747230863271522	8.99764544798564	-0.58597081314896	0.557979335790934	0.811051930712506	-7.09109603003934
MIMAT0002888	hsa-miR-532-5p	-0.0695619620614263	8.01355648462626	-0.578397384310702	0.563078797565127	0.814016087784368	-7.09548572567952
MIMAT0004784	hsa-miR-455-3p	0.1191708374197	8.45669540356226	0.569496616831076	0.569100617679433	0.818274401636374	-7.10057180831319
MIMAT0000069	hsa-miR-16	0.176981689746606	12.7495399416753	0.564358680019226	0.572590649796137	0.818866198095551	-7.10347184031622
MIMAT0004557	hsa-miR-34a*	-0.0347559883657205	6.5481635551957	-0.552713610623361	0.580538196429889	0.825084283050456	-7.10994747551324
MIMAT0000085	hsa-miR-28-5p	0.0879735294034303	8.03986372000241	0.548914336919016	0.583142275238668	0.825084283050456	-7.11203099194737
MIMAT0002821	hsa-miR-181d	0.0672607215424614	7.32829702640851	0.54031505106458	0.589056399483666	0.826976100012351	-7.1166937729915
MIMAT0004762	hsa-miR-486-3p	-0.0294625366743588	6.25236606209311	-0.537936358421041	0.590697214294537	0.826976100012351	-7.11797057426633
MIMAT0000257	hsa-miR-181b	0.0920062260961361	8.77442131791366	0.524473880571072	0.600023005605413	0.834670372962739	-7.1250906487393
MIMAT0000433	hsa-miR-142-5p	-0.121991482178035	8.27830100834238	-0.520519289002951	0.602775066108736	0.834670372962739	-7.12714788862475
MIMAT0000687_MIMAT0002890	NA	-0.0649798358193872	6.85771147569811	-0.515285611685228	0.606425979370156	0.834670372962739	-7.12984659776123
MIMAT0000434	hsa-miR-142-3p	-0.158408813109706	11.5599192960315	-0.511969196027352	0.608744557724704	0.834670372962739	-7.13154257313184
MIMAT0000755	hsa-miR-323-3p	0.0159307056975919	6.23930295518427	0.503386578575143	0.614763106711364	0.835643224873463	-7.13588079824468
MIMAT0000460	hsa-miR-194	0.0540667265578429	7.26582987609062	0.502001116098465	0.615737113064657	0.835643224873463	-7.13657423015496
MIMAT0003340	hsa-miR-542-5p	-0.0721400846417009	7.40885926561173	-0.491449890884214	0.623176965111884	0.841447069643458	-7.14179249944039
MIMAT0001080	hsa-miR-196b	0.084428411250423	7.75491457472612	0.481969487352934	0.62989478595799	0.844729877958388	-7.14638666549736
MIMAT0003322	hsa-miR-652	0.0633155718950471	7.52636043303402	0.47906432315966	0.631959570352328	0.844729877958388	-7.14777658899636
MIMAT0001413	hsa-miR-20b	0.0991024711289343	9.16523869149503	0.454374229770049	0.6496222942579	0.857579433581707	-7.15925002781744
MIMAT0004954	hsa-miR-543	-0.0183150332468429	6.29601619740419	-0.452867007706766	0.650707069730587	0.857579433581707	-7.1599307792351
MIMAT0000459	hsa-miR-193a-3p	0.0644637119215909	8.02627063254423	0.44846809526902	0.653877278433647	0.857579433581707	-7.16190465980706
MIMAT0004558	hsa-miR-181a-2*	-0.033871229958268	6.73352352389779	-0.447648670473053	0.654468515101829	0.857579433581707	-7.16227022398093
MIMAT0003221	hsa-miR-557	0.0318371392249936	6.61469699109941	0.441929636837496	0.658600974585372	0.858764015880927	-7.16480300455426
MIMAT0000752	hsa-miR-328	0.0159364546496539	6.31614100795815	0.434996909826533	0.663624443560009	0.861093180424207	-7.1678296364184
MIMAT0000231	hsa-miR-199a-5p	0.0923957340589885	8.62160002228369	0.4270310121632	0.66941528009682	0.864390604396865	-7.1712482509781
MIMAT0004587	hsa-miR-23b*	0.0238181392189887	6.48870046490242	0.417404589795871	0.676439557057748	0.864871945379158	-7.17529519887597
MIMAT0004550	hsa-miR-30c-2*	0.0606702537734938	7.21551824142419	0.41580535606197	0.677609252771385	0.864871945379158	-7.17595858115696
MIMAT0000087	hsa-miR-30a	0.131122619434093	10.5765517873591	0.413164857400335	0.67954224279791	0.864871945379158	-7.17704832104144
MIMAT0000416	hsa-miR-1	-0.0487267504356161	6.59210603089501	-0.364489982877947	0.715541227381987	0.906352221350517	-7.19589328243644
MIMAT0000763	hsa-miR-338-3p	0.0989228467813055	8.62724536086884	0.355510100687222	0.722255225912251	0.910520806126344	-7.19911222238869
MIMAT0004682	hsa-miR-361-3p	-0.0395239060106043	8.24704019714778	-0.350455080275144	0.726044198323964	0.910979984689502	-7.20088893538297
MIMAT0000244	hsa-miR-30c	0.0576331751237902	9.9203178623211	0.317244592554732	0.751100189189245	0.93799366349455	-7.21192898631839
MIMAT0004683	hsa-miR-362-3p	0.0364859543102209	7.38694860249752	0.288026514460242	0.773364451075796	0.957150259796726	-7.22073383277151
MIMAT0005793	hsa-miR-320c	0.0407923072745522	10.7647150754132	0.284438494203167	0.776111864794263	0.957150259796726	-7.22175648218335
MIMAT0000510	hsa-miR-320a	-0.041706944644389	9.2488714676048	-0.281524061355781	0.778345567646984	0.957150259796726	-7.22257771294189
MIMAT0004761	hsa-miR-483-5p	0.0499281888582912	7.70573379863177	0.274843441893434	0.783472675152809	0.957150259796726	-7.22442827089687
MIMAT0000426	hsa-miR-132	0.0291576597055707	7.46928561995217	0.273595572923711	0.784431415923633	0.957150259796726	-7.22476901012843
MIMAT0000461	hsa-miR-195	-0.0741899367059098	10.4303946556959	-0.256278457326441	0.797769398541478	0.958960251886116	-7.22933751795309
MIMAT0000094	hsa-miR-95	-0.0369123554783597	6.96204448267104	-0.25514162664015	0.798647125017723	0.958960251886116	-7.22962698631601
MIMAT0000092	hsa-miR-92a	0.0448688129668469	8.91761951447317	0.248872094685997	0.80349226582741	0.958960251886116	-7.2312002645631
MIMAT0001618	hsa-miR-191*	0.0105572547846782	6.45051875184377	0.242757235210374	0.808225168503069	0.958960251886116	-7.23269702804927
MIMAT0005901	hsa-miR-1249	0.0300219914145936	7.18475937883214	0.22994913588561	0.818161242935122	0.958960251886116	-7.23571146577279
MIMAT0004951	hsa-miR-887	0.0267581125077632	6.69668268926159	0.225094232706989	0.821935254681888	0.958960251886116	-7.23681139485419
MIMAT0004514	hsa-miR-29b-1*	0.020779044238493	6.86997357721552	0.224367602924445	0.822500465542553	0.958960251886116	-7.23697400127452
MIMAT0003338	hsa-miR-660	-0.0390251858481134	8.52811902007619	-0.224276976595884	0.822570965940564	0.958960251886116	-7.23699424491129
MIMAT0000083	hsa-miR-26b	0.0792536265864126	9.95638391598913	0.223863126599783	0.822892928009667	0.958960251886116	-7.2370865846246
MIMAT0000703	hsa-miR-361-5p	-0.0242699076759427	9.99961285661738	-0.220145451667325	0.825786492399979	0.958960251886116	-7.237908438837
MIMAT0004494	hsa-miR-21*	-0.0460970894187094	8.8941789669405	-0.217431762011283	0.827900127488379	0.958960251886116	-7.238499656341
MIMAT0004776	hsa-miR-505*	0.0178139884388813	6.69681159843376	0.215794247311696	0.82917615764589	0.958960251886116	-7.23885286585967
MIMAT0003389	hsa-miR-542-3p	-0.0293496719660347	7.18703921192	-0.20109301659492	0.840651884920504	0.96380686805639	-7.24190431362662
MIMAT0002874	hsa-miR-503	0.025412092829864	7.0998822749882	0.193994369880732	0.846205380989514	0.96380686805639	-7.2433006935248
MIMAT0000686	hsa-miR-34c-5p	-0.028344115645071	7.1890411147208	-0.183598002420775	0.854352532975826	0.96380686805639	-7.2452552158243
MIMAT0000245	hsa-miR-30d	0.0360310524086858	10.1732007340677	0.18156271005353	0.855949347188018	0.96380686805639	-7.2456252546501
MIMAT0000258	hsa-miR-181c	0.0288300505329415	7.76479812464308	0.181551225165983	0.855958359482534	0.96380686805639	-7.2456273310272
MIMAT0000075	hsa-miR-20a	-0.043219889768654	11.2198998018467	-0.170563548587321	0.864588934085382	0.96380686805639	-7.24755364556118
MIMAT0002817	hsa-miR-495	-0.0124618354569703	6.49618813288825	-0.168935270931796	0.865869312497254	0.96380686805639	-7.247828881051
MIMAT0000073	hsa-miR-19a	-0.0292775649326913	9.29081858754097	-0.153928175001467	0.877686146946216	0.96380686805639	-7.25024130697874
MIMAT0000681	hsa-miR-29c	-0.0299643964984408	12.7227283710769	-0.144972846208242	0.884750914882711	0.96380686805639	-7.25157405617875
MIMAT0000693	hsa-miR-30e*	0.0229293268737907	8.37835571742237	0.144058958130745	0.885472397668728	0.96380686805639	-7.25170557216647
MIMAT0000688	hsa-miR-301a	0.0304351226616495	8.95252418760201	0.1419212376508	0.887160423665679	0.96380686805639	-7.25200995972931
MIMAT0004780	hsa-miR-532-3p	-0.0108510518235461	6.95052906864633	-0.139729145525727	0.888891915773497	0.96380686805639	-7.25231736360974
MIMAT0004595	hsa-miR-135a*	0.0144486731250817	6.94956174906454	0.13608603339844	0.89177071119519	0.96380686805639	-7.25281766432497
MIMAT0000420	hsa-miR-30b	-0.023827830988294	9.43390473446818	-0.13172636737833	0.895217603446371	0.96380686805639	-7.25339899685776
MIMAT0003150	hsa-miR-455-5p	-0.0137314745803616	6.89485328340271	-0.124458559173148	0.900968139174161	0.96380686805639	-7.25432603622329
MIMAT0003240	hsa-miR-575	-0.0249988476682566	7.76776308959641	-0.12206545958453	0.90286279476065	0.96380686805639	-7.25461977514553
MIMAT0000680	hsa-miR-106b	0.0167412790176815	11.6648093696172	0.118673384243109	0.905549301994878	0.96380686805639	-7.25502636200798
MIMAT0001341	hsa-miR-424	0.0318022117137531	8.84658888484051	0.116738069101893	0.907082549087567	0.96380686805639	-7.25525320279271
MIMAT0000100	hsa-miR-29b	-0.0270247366290217	9.30097322277253	-0.115042078982342	0.908426476910333	0.96380686805639	-7.25544892564224
MIMAT0000281	hsa-miR-224	-0.0311200179613254	7.31771812605145	-0.114024148753554	0.909233226235481	0.96380686805639	-7.25556502268008
MIMAT0000685	hsa-miR-34b	-0.0164744396241545	8.24997394354064	-0.109599643546485	0.912740896900888	0.96380686805639	-7.25605765732618
MIMAT0000076	hsa-miR-21	-0.0226828821488034	14.9254812206655	-0.105489042960124	0.916001236435534	0.96380686805639	-7.25649787283689
MIMAT0004568	hsa-miR-221*	-0.0112505148880846	6.78143467946674	-0.100806504714203	0.919716931523517	0.96380686805639	-7.2569788383519
MIMAT0000227	hsa-miR-197	0.0156305470466753	7.85346290077302	0.100038084987268	0.92032685897114	0.96380686805639	-7.25705568086317
MIMAT0000263	hsa-miR-199b-5p	-0.0248066060859236	8.51088273592194	-0.0886490663383007	0.929372115906035	0.969462677768648	-7.25812565149648
MIMAT0002820	hsa-miR-497	-0.0139220150901638	9.17150625740758	-0.0775659709741294	0.938183193490503	0.970397821060693	-7.25904287497349
MIMAT0000086	hsa-miR-29a	0.0105095863515228	13.4463282436253	0.07451634034022	0.94060903038494	0.970397821060693	-7.25927379949188
MIMAT0000449	hsa-miR-146a	0.0168575924827152	9.11792193528796	0.0737572666864577	0.941212924186687	0.970397821060693	-7.25932983869511
MIMAT0003945	hsa-miR-765	-0.00510173776391287	6.75806744813808	-0.0486329989661495	0.961217956060659	0.987196819737974	-7.26086087297285
MIMAT0005949	hsa-miR-664	-0.00159919379165174	6.5546276306864	-0.0296172351623565	0.976376083123149	0.990771244362423	-7.26160174752567
MIMAT0000727	hsa-miR-374a	-0.00607320432055758	7.93315477563058	-0.0289548655274468	0.97690426679134	0.990771244362423	-7.26162106439251
MIMAT0003329	hsa-miR-411	0.00140987258100012	6.34046182848344	0.0265748287676642	0.97880222646724	0.990771244362423	-7.26168686871797
MIMAT0000254	hsa-miR-10b	0.00759137048072933	10.0067458259698	0.0255780639844864	0.9795971325839	0.990771244362423	-7.26171275183691
MIMAT0002809	hsa-miR-146b-5p	0.00472552491902967	9.24596576984793	0.0200125164022666	0.984035930298805	0.991490747952584	-7.2618390882619
MIMAT0003180	hsa-miR-487b	-0.000324277983239085	6.82337876593274	-0.00316420670674449	0.997475734434944	0.99967900854624	-7.26203351411833
MIMAT0003258	hsa-miR-590-5p	-8.91592712459754e-05	8.59476403938184	-0.000402367190017568	0.99967900854624	0.99967900854624	-7.26203841862536
