	name	logFC	AveExpr	t	P.Value	adj.P.Val	B
MIMAT0005893	hsa-miR-1305	-0.556963510088651	6.62302217840244	-10.2153225128371	1.22470880114006e-23	3.25772541103256e-21	42.8143206823114
MIMAT0005942	hsa-miR-1288	-0.287100503249867	6.303152744969	-9.29110044064591	6.01503690289962e-20	7.9999990808565e-18	34.4518045364118
MIMAT0005938	hsa-miR-1274b	-0.678572986429279	12.2184991483195	-4.22522715677028	2.54923015698886e-05	0.00226031740586346	1.68618770063293
MIMAT0007890	hsa-miR-1914*	-0.289504309222963	6.87919222936888	-3.88802736639153	0.000106036095716383	0.00705140036513947	0.342560873420592
MIMAT0000417	hsa-miR-15b	0.549088113938412	12.9174956986776	3.51995405312947	0.000446156708327692	0.0237355368830332	-0.999325460629229
MIMAT0001343_MIMAT0003393	hsa-miR-425	0.640300201504679	10.127463922438	3.19402469451302	0.00143586520798657	0.0611880678545715	-2.07822982361781
MIMAT0002872	hsa-miR-501-5p	-0.156634595774846	6.40920563677718	-3.13669105626684	0.00174603650132427	0.0611880678545715	-2.25735496446986
MIMAT0000450	hsa-miR-149	0.746182338212814	7.86337970139614	3.09699332870978	0.00199573733228928	0.0611880678545715	-2.37950792412739
MIMAT0005954	hsa-miR-720	-0.600457015528869	14.8458364006796	-3.08602838298482	0.00207027297252309	0.0611880678545715	-2.41297764511926
MIMAT0000267	hsa-miR-210	0.912823516438135	9.90870961796849	2.97014578496617	0.00302983492217764	0.0805936089299253	-2.75954422158207
MIMAT0000080	hsa-miR-24	0.358310759210616	12.1272954530589	2.93845801381094	0.00335522878501781	0.0811355324377035	-2.8520334985454
MIMAT0000104	hsa-miR-107	0.46735697454631	10.2382044668812	2.91061656028123	0.0036670860590171	0.0812870743082125	-2.93248810055466
MIMAT0005911	hsa-miR-1260	-0.498920376284979	10.7749738776768	-2.85254836702702	0.00440396368719429	0.0901118723687447	-3.09785638290143
MIMAT0000101	hsa-miR-103	0.400479148799239	12.7713935340592	2.81093515284614	0.00501205526225507	0.0952290499828463	-3.21433887661689
MIMAT0000066	hsa-let-7e	0.743432713481827	12.1243908235698	2.76019611468713	0.00585579716508197	0.103842803060787	-3.35407729791144
MIMAT0000226	hsa-miR-196a	1.25352637258873	9.36834587974525	2.57161501919784	0.0102300917404949	0.168713210608268	-3.85137114646624
MIMAT0000436	hsa-miR-144	-0.713076163179822	7.71061184695852	-2.54642009704498	0.0109950674571307	0.168713210608268	-3.91517419238111
MIMAT0005939	hsa-miR-1281	-0.108646912491802	6.45665506791956	-2.53319356959877	0.0114166834246197	0.168713210608268	-3.94841975131171
MIMAT0004795	hsa-miR-574-5p	-0.535138113757536	8.93694670046126	-2.50408136053728	0.0123956547029688	0.171771315292786	-4.02099070203735
MIMAT0000731_MIMAT0000732	hsa-miR-378	-0.237483916162129	6.88525180906328	-2.48945244944304	0.0129151364881794	0.171771315292786	-4.05714399233327
MIMAT0000243	hsa-miR-148a	-0.675244495278799	10.5601234126249	-2.45098101046026	0.0143744143815351	0.182075915499445	-4.15121899571895
MIMAT0003228	hsa-miR-564	-0.09046925399202	6.35589544838249	-2.40870517293378	0.0161441651858845	0.195197633611149	-4.25292245690845
MIMAT0000418	hsa-miR-23b	0.434942444097322	10.2881767960856	2.37276342405654	0.0177967438622346	0.205823211624104	-4.33800831212103
MIMAT0004600	hsa-miR-144*	-0.341982559861314	6.60585015566485	-2.27142939944988	0.0232798060456089	0.255829433926359	-4.57106804851733
MIMAT0000076	hsa-miR-21	0.488978600948299	15.5580177136116	2.25351903893675	0.0243883473628242	0.255829433926359	-4.61121103975065
MIMAT0002819	hsa-miR-193b	0.442028530201692	10.5828371009472	2.2412566030437	0.0251734755464305	0.255829433926359	-4.63851331037078
MIMAT0004603	hsa-miR-125b-2*	-0.282749855925871	7.08174665886831	-2.22918555810656	0.0259676493083146	0.255829433926359	-4.66524504587696
MIMAT0000261	hsa-miR-183	0.630822886064736	9.86570730666617	2.18271333988073	0.0292308984309634	0.263847524980284	-4.7668215012728
MIMAT0002816	hsa-miR-494	-0.854313409656856	10.3067808972855	-2.17710261042298	0.0296478240815042	0.263847524980284	-4.77894140188483
MIMAT0001627	hsa-miR-433	-0.0484240128812905	6.24956093502859	-2.15339121151323	0.0314667981625768	0.263847524980284	-4.82981903965711
MIMAT0005927	hsa-miR-1274a	-0.358579328773129	9.22204169939259	-2.12805406862185	0.0335155986264118	0.263847524980284	-4.88357354433771
MIMAT0000266	hsa-miR-205	-0.952762796448764	10.0020977084986	-2.11774435522775	0.0343813868979962	0.263847524980284	-4.90526544751331
MIMAT0000256	hsa-miR-181a	0.448143281745439	9.45408340795306	2.1127247738681	0.034809800082511	0.263847524980284	-4.91578890231148
MIMAT0000250	hsa-miR-139-5p	-0.267410577139621	6.92157093526014	-2.09600075642905	0.0362702527727864	0.263847524980284	-4.95067147388226
MIMAT0004697	hsa-miR-151-5p	0.410222870415157	8.87594912977931	2.09505152959301	0.0363546907980912	0.263847524980284	-4.95264309069106
MIMAT0002177	hsa-miR-486-5p	-0.440717144017991	7.24429507137903	-2.08013429698888	0.0377038330029253	0.263847524980284	-4.98351079422102
MIMAT0000084	hsa-miR-27a	0.349840137102786	13.3719183693488	2.07952256969124	0.0377600571331344	0.263847524980284	-4.98477194265983
MIMAT0002876	hsa-miR-505	-0.198268679418184	7.27497891790635	-2.07254220592797	0.0384066977908707	0.263847524980284	-4.99913669572961
MIMAT0004674	hsa-miR-30c-1*	-0.102321752895336	6.64954769482463	-2.06957500569912	0.0386844115572597	0.263847524980284	-5.00522830403061
MIMAT0000065	hsa-let-7d	0.468995269590714	9.90063303104939	2.01627938655035	0.0439709849450376	0.2924070498845	-5.11316639020038
MIMAT0000280	hsa-miR-223	-0.600195934789659	10.3471839626627	-2.00096443693214	0.0455986303817158	0.295835016622839	-5.14366567883035
MIMAT0000099	hsa-miR-101	-0.372416203068696	9.0472250156446	-1.97936002176605	0.0479809054675094	0.301836636041681	-5.18629722063924
MIMAT0000095	hsa-miR-96	0.658346705804189	10.2216419644913	1.97220030347355	0.0487931404127529	0.301836636041681	-5.20032384852835
MIMAT0000419	hsa-miR-27b	0.378138010628714	10.134439404284	1.94948515953099	0.0514469300572316	0.311020077164173	-5.244490671125
MIMAT0003299	hsa-miR-630	-0.248423804971193	6.82845953930245	-1.92153941245016	0.0548767062813921	0.324382308241118	-5.29812980969595
MIMAT0000074	hsa-miR-19b	-0.316641833264955	10.4692315752302	-1.893397901507	0.0585213204723695	0.336551889712146	-5.35136639439325
MIMAT0003239	hsa-miR-574-3p	-0.298065042815534	7.96160474107915	-1.88634280289274	0.0594659354002664	0.336551889712146	-5.36459038008295
MIMAT0000253	hsa-miR-10a	0.671906525673728	8.87827844967955	1.84641207673868	0.0650539053159239	0.353556757999361	-5.43851050240996
MIMAT0000710	hsa-miR-365	0.382822740066458	9.56456802008653	1.83836483795759	0.0662309943202151	0.353556757999361	-5.45321713682113
MIMAT0001631	hsa-miR-451	-0.870504628673411	11.9610259188462	-1.83682624044258	0.066458037217925	0.353556757999361	-5.45602170453841
MIMAT0000753	hsa-miR-342-3p	0.491835269883961	10.6043633533157	1.81807155079235	0.0692775140940104	0.361329779392289	-5.49002008495555
MIMAT0004605	hsa-miR-129-3p	-0.10935475886175	6.47681723965602	-1.78568918106976	0.0743768183564788	0.363120947153785	-5.54790534266845
MIMAT0000081	hsa-miR-25	0.255052307353982	8.85767862179888	1.78049362647537	0.0752228665248261	0.363120947153785	-5.55709630568654
MIMAT0000089	hsa-miR-31	-0.336280130390942	7.16229632743662	-1.77726185307748	0.0757530879564439	0.363120947153785	-5.562799884028
MIMAT0004775	hsa-miR-502-3p	-0.162246665308091	7.41481905669242	-1.77650845615562	0.0758771319863249	0.363120947153785	-5.56412803035935
MIMAT0004550	hsa-miR-30c-2*	-0.273312042452474	7.31676109466213	-1.77306308766094	0.0764465151902705	0.363120947153785	-5.57019465018933
MIMAT0000232	hsa-miR-199a-3p	0.63046817698114	12.8755094747643	1.75936271858938	0.07874525210848	0.364620459006741	-5.59420234138325
MIMAT0004597	hsa-miR-140-3p	-0.277292249572163	9.47505077854536	-1.75491386136996	0.079503709106733	0.364620459006741	-5.60195837988172
MIMAT0000244	hsa-miR-30c	-0.326157259617865	10.1170594542974	-1.74509228314667	0.081199186975381	0.366084470092396	-5.61901189120577
MIMAT0000689	hsa-miR-99b	0.335163837532845	8.36936653141337	1.73058934766536	0.0837564074291081	0.371320072935712	-5.64401957642935
MIMAT0000443	hsa-miR-125a-5p	0.331612837351109	9.68412616522189	1.70990481611806	0.0875161415007928	0.381627764577228	-5.6793268339746
MIMAT0003294	hsa-miR-625	0.344069810395144	7.72724750510872	1.69126112640312	0.0910206406749363	0.390507909992469	-5.7107883151809
MIMAT0003308	hsa-miR-638	-0.405637009309686	10.0310015168983	-1.6619118660395	0.0967655189180792	0.392841845387721	-5.7596197024254
MIMAT0000088	hsa-miR-30a*	-0.454512353643738	9.35059605269993	-1.66177549751717	0.0967928743037432	0.392841845387721	-5.75984460602753
MIMAT0005898	hsa-miR-1246	-0.57120381129107	10.1665515338753	-1.66109761226988	0.0969289492953513	0.392841845387721	-5.76096232466598
MIMAT0000265	hsa-miR-204	-0.200918565571928	6.5646341643139	-1.65763580026779	0.0976262443579296	0.392841845387721	-5.76666318823474
MIMAT0000762	hsa-miR-324-3p	-0.223972765857062	9.08256846603167	-1.65112335358477	0.0989488858683358	0.392841845387721	-5.77735569516724
MIMAT0004911	hsa-miR-874	-0.13586529012442	7.38753213101363	-1.61320619989849	0.106936357682005	0.418309869756077	-5.83877765906129
MIMAT0000278	hsa-miR-221	-0.294669543409181	8.07526913326603	-1.55861072939591	0.119325860637828	0.459162105897458	-5.92472001788441
MIMAT0000078	hsa-miR-23a	0.275621601493206	13.5437968328955	1.55228179856408	0.12083213313091	0.459162105897458	-5.93449215266545
MIMAT0000093	hsa-miR-93	0.226924481311896	10.6326162796585	1.52827908889735	0.12668045122561	0.474605634169189	-5.97119328618269
MIMAT0000063	hsa-let-7b	0.25923467739837	15.6775851190694	1.52099346593371	0.128498584237804	0.474730880656333	-5.98222055793108
MIMAT0000062	hsa-let-7a	0.460150931968132	13.5551272787293	1.51346912250353	0.13039753655139	0.475147187981779	-5.99355402813059
MIMAT0000271	hsa-miR-214	0.364392184747382	10.9806786156777	1.48545870337933	0.137658749279579	0.488948293283096	-6.03525206509949
MIMAT0000068	hsa-miR-15a	0.316460093313903	12.0358739571724	1.48469367668946	0.137861360888091	0.488948293283096	-6.03638003996388
MIMAT0000510	hsa-miR-320a	-0.232659242454455	9.34154485613321	-1.44442443712297	0.148854570848767	0.517975194775474	-6.09493640224759
MIMAT0000693	hsa-miR-30e*	-0.245808928186564	8.55244835639776	-1.43448011476638	0.151669799985409	0.517975194775474	-6.10914954837485
MIMAT0004780	hsa-miR-532-3p	-0.119553586218189	7.05545099402908	-1.42895452066142	0.153251539090199	0.517975194775474	-6.11700482146264
MIMAT0005901	hsa-miR-1249	0.17214069831777	7.20489693986376	1.42242635288856	0.15513642048698	0.517975194775474	-6.1262464223469
MIMAT0000760	hsa-miR-331-3p	0.204522103854266	9.96644288092803	1.42020425048562	0.155782013466308	0.517975194775474	-6.12938251760241
MIMAT0000692	hsa-miR-30e	-0.218421873735722	8.67050415484329	-1.41222656114933	0.158116615696712	0.519247157720067	-6.14060130481217
MIMAT0000415	hsa-let-7i	0.218043625641384	13.1755973039833	1.40207015252154	0.161127065275571	0.519468293158473	-6.15479279184989
MIMAT0004748	hsa-miR-423-5p	0.13529730276416	7.5525767996593	1.39885270143609	0.162089730572005	0.519468293158473	-6.15926721556443
MIMAT0000257	hsa-miR-181b	0.276506611612808	9.00933169239839	1.38550648097712	0.166129375142267	0.522369374987202	-6.17771801197838
MIMAT0004682	hsa-miR-361-3p	-0.176849661228952	8.45875944406816	-1.38291479113291	0.166922544638767	0.522369374987202	-6.18128050501322
MIMAT0005929	hsa-miR-1275	-0.28890623069216	8.24813904074409	-1.32708740889596	0.18470698154993	0.566178554961867	-6.25640501662976
MIMAT0004689	hsa-miR-377*	-0.061365887384726	6.35152455097106	-1.32566219627034	0.185178700307077	0.566178554961867	-6.2582824565731
MIMAT0000445	hsa-miR-126	-0.356860318611534	9.47356465192381	-1.30788431360289	0.19113800299808	0.567414804171827	-6.28153226848842
MIMAT0002813	hsa-miR-493*	0.12453048725122	6.60687657954354	1.30661739382896	0.191568017665238	0.567414804171827	-6.28317718805019
MIMAT0000087	hsa-miR-30a	-0.429769572124873	10.7576409642793	-1.29832749811842	0.194399347981493	0.567414804171827	-6.2939012250788
MIMAT0000252	hsa-miR-7	0.405314941890729	8.05953505880751	1.29268466576373	0.196344108601884	0.567414804171827	-6.3011620041952
MIMAT0000279	hsa-miR-222	-0.333888444924268	8.1417295240585	-1.2926579247307	0.196353358547556	0.567414804171827	-6.30119633747637
MIMAT0002871	hsa-miR-500a*	-0.105248875665866	7.27407246168957	-1.27789278133783	0.201509673069368	0.567414804171827	-6.32004537147537
MIMAT0003237	hsa-miR-572	-0.194691805224409	7.50842021318068	-1.27628373039171	0.202077508090715	0.567414804171827	-6.32208641770152
MIMAT0004504	hsa-miR-31*	-0.237893032992911	6.91664335201841	-1.2746700621379	0.202648144347081	0.567414804171827	-6.32413074455108
MIMAT0000100	hsa-miR-29b	-0.323550024847667	9.54808281853124	-1.2558862344091	0.209377248711999	0.579548455942603	-6.34773781195387
MIMAT0000451	hsa-miR-150	-0.490382019253179	10.8984793983684	-1.25049251978621	0.211339098595611	0.579548455942603	-6.35445189330219
MIMAT0000770	hsa-miR-133b	-0.132032104917465	6.54562487886668	-1.23468879270915	0.21716389957557	0.588578260784415	-6.37395834048911
MIMAT0000757	hsa-miR-151-3p	0.218945625241267	9.49812675107566	1.22140266948201	0.222149519502772	0.588578260784415	-6.39016580796274
MIMAT0003326	hsa-miR-663	0.2644425645055	8.13390248115304	1.21642632890335	0.224037857175307	0.588578260784415	-6.39619130683345
MIMAT0005865	hsa-miR-1202	0.425269039792294	11.3544824744206	1.21426517771035	0.224861502558163	0.588578260784415	-6.39880044762938
MIMAT0002888	hsa-miR-532-5p	-0.160050028172692	8.1693092212376	-1.21043963524351	0.226324776591459	0.588578260784415	-6.40340764482643
MIMAT0004610	hsa-miR-150*	0.127651035837395	7.28159267858113	1.20444917584988	0.22862977677498	0.588578260784415	-6.41059296383038
MIMAT0005796	hsa-miR-1271	-0.0946288934413078	6.81309094471227	-1.19369756161987	0.232808639488605	0.588578260784415	-6.42339988693851
MIMAT0003150	hsa-miR-455-5p	-0.144506289615612	7.00679643271984	-1.18966637709469	0.234389349832321	0.588578260784415	-6.42817214820279
MIMAT0000459	hsa-miR-193a-3p	0.180673153662543	8.11666444800109	1.1892673636078	0.234546224222361	0.588578260784415	-6.42864363856452
MIMAT0005793	hsa-miR-320c	-0.183321968833821	10.8897023114568	-1.18329539524125	0.236903036999196	0.588936521885852	-6.43568149787157
MIMAT0000067	hsa-let-7f	0.421821375786225	11.1359499675879	1.16047537173261	0.246063059381064	0.600630794306044	-6.46224881314753
MIMAT0004494	hsa-miR-21*	0.27027786617997	9.21121495947634	1.16032767208846	0.246123145035183	0.600630794306044	-6.46241908505291
MIMAT0000617	hsa-miR-200c	0.281396289016194	9.23311150592202	1.15371318142166	0.248824545844802	0.601702992679249	-6.47002226472705
MIMAT0000736	hsa-miR-381	-0.167769779266124	7.32543531322246	-1.13745182021009	0.255553822131481	0.612408258441207	-6.48852984719023
MIMAT0000425	hsa-miR-130a	-0.237202782479738	10.7049986664277	-1.12781610212455	0.259600501981832	0.613845201819034	-6.49937285483059
MIMAT0000258	hsa-miR-181c	-0.197423390217974	7.9181150217816	-1.125053561005	0.260768826336657	0.613845201819034	-6.50246454179031
MIMAT0000086	hsa-miR-29a	-0.162974534523032	13.7215081010754	-1.09224904302767	0.274920972052051	0.641482268121451	-6.53859905867698
MIMAT0000255	hsa-miR-34a	0.165791453397821	12.9921232401962	1.08595969866911	0.277693121929736	0.642316264637476	-6.54540491299567
MIMAT0000431	hsa-miR-140-5p	-0.198180799229492	10.1814831268893	-1.05734383146657	0.290546228475075	0.660956580760539	-6.57587548835789
MIMAT0000432	hsa-miR-141	0.30351309746216	11.5047499151901	1.05058407247497	0.293640038748966	0.660956580760539	-6.5829547734975
MIMAT0000705	hsa-miR-362-5p	-0.143534785158692	8.07162111288384	-1.04836788095376	0.294659144888079	0.660956580760539	-6.58526585531914
MIMAT0000456	hsa-miR-186	-0.127078169397564	8.2784395461614	-1.04184699781976	0.297671494812722	0.660956580760539	-6.59203768272409
MIMAT0000423	hsa-miR-125b	-0.267318392739343	13.1297135713346	-1.03950801131004	0.298757002593974	0.660956580760539	-6.59445640184303
MIMAT0004589	hsa-miR-30b*	-0.0863270686669386	6.98320059438012	-1.03298629809385	0.301797642104588	0.660956580760539	-6.60117176668513
MIMAT0000096	hsa-miR-98	0.286095843506188	8.68358763605536	1.03010935828291	0.303145499446563	0.660956580760539	-6.60412071998152
MIMAT0000275	hsa-miR-218	-0.188041679552819	7.59056889026798	-1.01163054264248	0.311898284005908	0.667167468408921	-6.6228663246112
MIMAT0000681	hsa-miR-29c	-0.191228920505793	13.0894460769337	-1.00827908378953	0.313503446726271	0.667167468408921	-6.6262298756491
MIMAT0000457	hsa-miR-188-5p	-0.122529338262149	7.20770480659892	-1.00824760893832	0.313518547184643	0.667167468408921	-6.62626141123994
MIMAT0000094	hsa-miR-95	-0.155649642186999	7.08013827238586	-0.949607242593227	0.342483949221736	0.720888343180432	-6.68330794867561
MIMAT0003888	hsa-miR-766	-0.0555993845881213	6.95167376928564	-0.946267679102518	0.344183532270357	0.720888343180432	-6.68645404016793
MIMAT0003886	hsa-miR-769-5p	0.107609301909804	7.79728536352949	0.932600601352955	0.351195069510403	0.72818379405178	-6.69921399696976
MIMAT0004614	hsa-miR-193a-5p	-0.14969285151835	8.42648682186998	-0.928836854660981	0.35314176478451	0.72818379405178	-6.70269537667175
MIMAT0002805	hsa-miR-489	0.129237323574531	6.62952784359772	0.905908418077128	0.365148005569846	0.747148996012146	-6.72359992627343
MIMAT0004557	hsa-miR-34a*	-0.063776483578339	6.63731786088806	-0.89957090661396	0.368511083217199	0.748274413250191	-6.72928597577685
MIMAT0001080	hsa-miR-196b	0.172995114800562	7.85171297196518	0.877138546455435	0.380569406179479	0.766905015482889	-6.74909208378907
MIMAT0003221	hsa-miR-557	0.0641282188029173	6.65642002004336	0.852144559990252	0.394286898476679	0.788573796953357	-6.77057152592034
MIMAT0002820	hsa-miR-497	-0.155431841849114	9.15001740330666	-0.832263542094832	0.405409245383194	0.793600374812889	-6.78721407594934
MIMAT0002173	hsa-miR-483-3p	-0.0621621319531842	6.4015681092207	-0.827710556896657	0.407982561559625	0.793600374812889	-6.7909701851207
MIMAT0004784	hsa-miR-455-3p	-0.184356433072064	8.66357320787571	-0.820686936202752	0.41197131740914	0.793600374812889	-6.79672414442588
MIMAT0000755	hsa-miR-323-3p	0.0256140627757508	6.28379301054261	0.818824561218394	0.413032842457461	0.793600374812889	-6.79824164122484
MIMAT0000447	hsa-miR-134	0.0865499390305207	7.20199320800878	0.815629270231255	0.414857883468098	0.793600374812889	-6.80083719849019
MIMAT0000077	hsa-miR-22	0.138892258407424	14.1166099785329	0.806919318981465	0.419856882537014	0.793600374812889	-6.80786086930662
MIMAT0004571	hsa-miR-200b*	-0.130667014346132	7.55133653557664	-0.802299681513441	0.422522603835343	0.793600374812889	-6.81155555324917
MIMAT0005593	hsa-miR-1238	-0.0361685400141152	6.55290849655003	-0.800785044447971	0.423398768154179	0.793600374812889	-6.81276231328284
MIMAT0000763	hsa-miR-338-3p	-0.243271235916779	8.84292407314619	-0.799855449468091	0.423937032949898	0.793600374812889	-6.81350182331947
MIMAT0004694	hsa-miR-342-5p	0.172123480784822	9.11386541741462	0.791506432999883	0.428789307184134	0.793600374812889	-6.82010515622004
MIMAT0004762	hsa-miR-486-3p	-0.0491623801688794	6.29751027582742	-0.790085643451089	0.429618248019007	0.793600374812889	-6.82122198269942
MIMAT0000433	hsa-miR-142-5p	-0.200092828703804	8.56015810878413	-0.775512536675994	0.438174386575429	0.803823357441822	-6.83256159034752
MIMAT0000761	hsa-miR-324-5p	0.0994471143871785	8.36259602597232	0.763183535169506	0.445488958031678	0.811644266002921	-6.84199031969021
MIMAT0003338	hsa-miR-660	-0.145986597927738	8.74346542163898	-0.755144382709546	0.450295725848155	0.814820837249042	-6.848057031547
MIMAT0002821	hsa-miR-181d	-0.106089480442622	7.48063096381614	-0.745397822952669	0.456162639859461	0.81985987974741	-6.85532614565335
MIMAT0002174	hsa-miR-484	-0.0534615121008191	6.85441921992395	-0.73963734516142	0.459650278949687	0.820583719467226	-6.85957802530561
MIMAT0000437	hsa-miR-145	-0.176004873046792	10.2790767970522	-0.724615937608814	0.468814815558779	0.831364939590902	-6.87051047678769
MIMAT0004814	hsa-miR-654-3p	-0.0896061593316348	7.0392919411982	-0.706944108155937	0.479724743668218	0.842232844836363	-6.88308494279433
MIMAT0004514	hsa-miR-29b-1*	-0.0712432941196335	6.9618772841565	-0.699423747048409	0.484409250886002	0.842232844836363	-6.88834199117503
MIMAT0000092	hsa-miR-92a	-0.132577939553231	8.93315340916863	-0.69607489066717	0.486503247814053	0.842232844836363	-6.89066490332615
MIMAT0004673	hsa-miR-29c*	0.120246096600171	8.85873212426955	0.687259855810573	0.492038515220758	0.842232844836363	-6.89672613562753
MIMAT0002176	hsa-miR-485-3p	-0.0247899766663959	6.32102850850329	-0.684625097455329	0.493699513846364	0.842232844836363	-6.89852281541716
MIMAT0000687	hsa-miR-299-3p	-0.046217906478768	6.53966849255291	-0.681176487441139	0.495878111299442	0.842232844836363	-6.90086405177864
MIMAT0000085	hsa-miR-28-5p	0.118434569478046	8.18604331372385	0.673403666826625	0.50080722610265	0.842232844836363	-6.90609763835948
MIMAT0002814	hsa-miR-432	-0.0494441407225139	6.61881899102983	-0.665625090366264	0.505765898008091	0.842232844836363	-6.91127501214239
MIMAT0000082	hsa-miR-26a	-0.114466378873144	10.9888622685068	-0.664424342762158	0.506533646855962	0.842232844836363	-6.91206886675103
MIMAT0000461	hsa-miR-195	-0.204202133094246	10.5136697708818	-0.661637936038307	0.508317614798926	0.842232844836363	-6.91390553516337
MIMAT0000691	hsa-miR-130b	0.118681601945315	9.35599630878744	0.659369310420513	0.509772511348325	0.842232844836363	-6.91539520990618
MIMAT0004493	hsa-miR-20a*	-0.0872692716830361	7.19621429747566	-0.650182918110303	0.515686084554015	0.846743817847951	-6.92137510681082
MIMAT0000416	hsa-miR-1	-0.0959026299047689	6.66137466067965	-0.640388194237925	0.522030292881748	0.851902195745674	-6.92765864216918
MIMAT0000254	hsa-miR-10b	0.201680444762726	10.1455419869769	0.634686982988172	0.525741475055119	0.852109937827027	-6.93127220918111
MIMAT0000680	hsa-miR-106b	0.0951816019210696	12.0718124899588	0.630364069449469	0.528564435118269	0.852109937827027	-6.93399064996418
MIMAT0000703	hsa-miR-361-5p	-0.0751325334857702	10.2221684941949	-0.624142402689142	0.532640843029326	0.853508820757835	-6.93787051932252
MIMAT0005948	hsa-miR-664*	0.0738203942340769	7.07993757326769	0.614704514204519	0.538854764389396	0.858295612739996	-6.94368262002432
MIMAT0000231	hsa-miR-199a-5p	0.143296374848696	8.72185880181311	0.603014272477567	0.546601750632172	0.858843623086957	-6.95075906917297
MIMAT0000707	hsa-miR-363	0.178627943677557	7.98237522028539	0.602636630838767	0.546852927180774	0.858843623086957	-6.95098540262577
MIMAT0000730	hsa-miR-377	-0.123392796360368	8.16081773013233	-0.598545473053857	0.549577694500994	0.858843623086957	-6.95342828896915
MIMAT0000756	hsa-miR-326	0.0479577913816742	6.64140938582742	0.594746635236215	0.552113757698758	0.858843623086957	-6.95568173545105
MIMAT0006764	hsa-miR-320d	-0.0957668268478091	11.3545365438593	-0.575679463232281	0.564929005756101	0.873669276343738	-6.9667756395613
MIMAT0004982	hsa-miR-939	-0.0865419549243018	7.54627697260517	-0.553223421237899	0.580203179149842	0.888662324329321	-6.97937799518614
MIMAT0000414	hsa-let-7g	0.154591298498492	10.9911573200696	0.547668143413191	0.584011456699526	0.888662324329321	-6.98241830204526
MIMAT0000064	hsa-let-7c	0.0945098449255948	13.7557139845434	0.545958101612532	0.585186072621598	0.888662324329321	-6.98334800465694
MIMAT0000263	hsa-miR-199b-5p	0.162837018891396	8.60221999473907	0.541886703007748	0.587987101811882	0.888662324329321	-6.98554981545882
MIMAT0000646	hsa-miR-155	0.132951673620152	8.99935961064878	0.528514298979612	0.59723038546682	0.890489133115376	-6.99266569356801
MIMAT0004587	hsa-miR-23b*	0.0337725459564826	6.55881257215697	0.526200272771227	0.598836579297734	0.890489133115376	-6.99387902226234
MIMAT0002175	hsa-miR-485-5p	-0.0210758266555011	6.33156899999612	-0.525621055191798	0.599238927923505	0.890489133115376	-6.99418189449267
MIMAT0000098	hsa-miR-100	-0.134620933513482	10.2580386973258	-0.509377270966007	0.610572097127527	0.897641753302281	-7.00253995406898
MIMAT0000720	hsa-miR-376c	-0.103225301032298	8.30899924107715	-0.498664803903702	0.618097798580621	0.897641753302281	-7.00790843341356
MIMAT0000729	hsa-miR-376a	-0.100067743517783	8.16784312987424	-0.498211802198836	0.618416933853429	0.897641753302281	-7.00813293851376
MIMAT0003330	hsa-miR-654-5p	-0.0150904860135119	6.32677051526505	-0.489800999067418	0.624355302005474	0.897641753302281	-7.01226423577996
MIMAT0000269	hsa-miR-212	0.0285340946398938	6.54245505031489	0.483029301494436	0.629154234106111	0.897641753302281	-7.01553932767696
MIMAT0004601	hsa-miR-145*	-0.0614683126944593	7.21535541487294	-0.478143869474656	0.632626195779739	0.897641753302281	-7.01787383537674
MIMAT0004594	hsa-miR-132*	0.0400117104434488	6.80745662066271	0.476967887889531	0.633463153864645	0.897641753302281	-7.0184322366015
MIMAT0000075	hsa-miR-20a	-0.127602459301168	11.5354375658045	-0.473313891503614	0.63606673445483	0.897641753302281	-7.02015852327719
MIMAT0000688	hsa-miR-301a	0.113118429342506	9.24503001542016	0.461226463346407	0.644711367359912	0.897641753302281	-7.0257745192558
MIMAT0000072	hsa-miR-18a	0.0705954338983368	7.46456289191955	0.446628655754356	0.655215733823303	0.897641753302281	-7.03236326922413
MIMAT0001412	hsa-miR-18b	0.0621580249560125	7.29216828008339	0.444329507181788	0.656876479983108	0.897641753302281	-7.03338168636525
MIMAT0004767	hsa-miR-193b*	0.0341876790344848	6.82532683515819	0.443129238685882	0.657744146295682	0.897641753302281	-7.03391126254654
MIMAT0003180	hsa-miR-487b	0.0468936920237999	6.88782525395322	0.438436447467686	0.661140958532908	0.897641753302281	-7.03596804626423
MIMAT0000765	hsa-miR-335	-0.0840537122377079	7.3003419079848	-0.438410159437281	0.661160006534873	0.897641753302281	-7.03597950627609
MIMAT0000728	hsa-miR-375	0.1848707197689	9.43556022127211	0.43763060101777	0.661724965319679	0.897641753302281	-7.03631903497748
MIMAT0000452	hsa-miR-154	-0.044685728933505	6.91267506815827	-0.436460985854207	0.662572966350369	0.897641753302281	-7.03682731579797
MIMAT0000686	hsa-miR-34c-5p	-0.0722769175817133	7.29622926656467	-0.434645898686103	0.663889808728505	0.897641753302281	-7.0376134073901
MIMAT0005949	hsa-miR-664	-0.0245704834048119	6.62782398594605	-0.415931852691435	0.677526806822904	0.897641753302281	-7.0455272753003
MIMAT0000434	hsa-miR-142-3p	-0.140510418096632	12.0965493985445	-0.411711722609366	0.680616907047366	0.897641753302281	-7.0472637939537
MIMAT0004568	hsa-miR-221*	-0.0503400457751075	6.87943212083844	-0.400137394289165	0.689119421830367	0.897641753302281	-7.05193558595679
MIMAT0004951	hsa-miR-887	-0.0519159726203622	6.78895336981356	-0.399641089459092	0.68948489781597	0.897641753302281	-7.0521329337171
MIMAT0000455	hsa-miR-185	-0.0543965023515014	9.26513058708045	-0.398151357985893	0.690582362765608	0.897641753302281	-7.05272383122339
MIMAT0000685	hsa-miR-34b*	-0.0647389154960711	8.44253615928547	-0.394984018207332	0.69291786168121	0.897641753302281	-7.05397281508297
MIMAT0004683	hsa-miR-362-3p	-0.0556169490964482	7.55256041070695	-0.392657183877517	0.694635462863807	0.897641753302281	-7.05488400614465
MIMAT0004552	hsa-miR-139-3p	-0.0255935690486977	6.66872862641093	-0.383683762004993	0.701274022188163	0.897641753302281	-7.0583476049571
MIMAT0000460	hsa-miR-194	0.0459985575568558	7.40463313114257	0.375155896300797	0.70760419708284	0.897641753302281	-7.06156503844739
MIMAT0004945	hsa-miR-744	-0.0334872533569799	6.68595393710531	-0.368196937440017	0.712784841078822	0.897641753302281	-7.06413697579088
MIMAT0001639	hsa-miR-409-3p	-0.0363534430366723	6.99843590862747	-0.366368996981786	0.714147878161532	0.897641753302281	-7.06480457376642
MIMAT0004954	hsa-miR-543	-0.0150557498484813	6.34115540358214	-0.365554653020615	0.714755403001592	0.897641753302281	-7.06510091778086
MIMAT0003879	hsa-miR-758	-0.0326104075360734	6.67498226531976	-0.364107690108503	0.715835326711742	0.897641753302281	-7.06562584863836
MIMAT0000426	hsa-miR-132	-0.0378161699251365	7.55750808963279	-0.363541152288443	0.716258310779033	0.897641753302281	-7.06583081083197
MIMAT0001618	hsa-miR-191*	0.0159347117385309	6.48323048677872	0.356069105764786	0.721845144864023	0.897641753302281	-7.06850419192403
MIMAT0000069	hsa-miR-16	0.121534119751084	13.0646316445244	0.355911953090345	0.72196280847303	0.897641753302281	-7.06855982269443
MIMAT0000442	hsa-miR-9*	0.0803622982645491	6.93455494021089	0.35515420866091	0.722530240516179	0.897641753302281	-7.06882771345163
MIMAT0001536	hsa-miR-429	0.097083672896594	9.78988123100754	0.353632612996502	0.723670138916693	0.897641753302281	-7.06936392989366
MIMAT0004558	hsa-miR-181a-2*	-0.0298546011337679	6.83052739418168	-0.34923395826364	0.726968821116664	0.897641753302281	-7.07090108848284
MIMAT0001638	hsa-miR-409-5p	-0.0223605186594504	6.49662095314851	-0.34426791354559	0.73069910166903	0.897641753302281	-7.0726134097403
MIMAT0003885	hsa-miR-454	0.0707687373265262	7.55306623264502	0.342156967375612	0.73228669348344	0.897641753302281	-7.07333384998059
MIMAT0000073	hsa-miR-19a	-0.0645548027618288	9.58314500538026	-0.320352170396189	0.748751576374562	0.910962994193361	-7.08051632809538
MIMAT0000097	hsa-miR-99a	-0.103021783116554	10.9025072283347	-0.318700744297729	0.750003367399797	0.910962994193361	-7.08104104963864
MIMAT0000752	hsa-miR-328	-0.0112361302212172	6.33910762615856	-0.305919231073444	0.759713901506357	0.914119505733611	-7.08501051992428
MIMAT0000083	hsa-miR-26b	-0.115107700834569	10.2001025984852	-0.299854715855753	0.764334717323267	0.914119505733611	-7.08683711803667
MIMAT0003329	hsa-miR-411	0.0165173062282049	6.39006640981224	0.295013995633014	0.768029118438489	0.914119505733611	-7.08826887237057
MIMAT0000222	hsa-miR-192	0.0655146163635587	8.26764314385232	0.294433378886341	0.768472597167595	0.914119505733611	-7.08843903826492
MIMAT0000759	hsa-miR-148b	-0.0408934406798469	9.36275824541508	-0.291969217081389	0.770355582139692	0.914119505733611	-7.08915749947199
MIMAT0000733	hsa-miR-379	-0.0416980585850375	7.35842671411268	-0.282220127793764	0.77781852685136	0.914119505733611	-7.09194079004742
MIMAT0000420	hsa-miR-30b	-0.0542851453655349	9.66291232638356	-0.281398717794614	0.77844826658721	0.914119505733611	-7.09217097973133
MIMAT0005792	hsa-miR-320b	-0.0510748785058528	10.7352331808605	-0.279252370545336	0.780094465419284	0.914119505733611	-7.09276929941951
MIMAT0000449	hsa-miR-146a	-0.064417215798211	9.41227164342741	-0.270002740455772	0.787199929245193	0.918399917452726	-7.09529533893297
MIMAT0000318	hsa-miR-200b	0.0816929559409845	12.4864926063447	0.259549372650808	0.795251462674616	0.923741873674445	-7.09804771862335
MIMAT0001341	hsa-miR-424	0.072279441035306	9.07973243178334	0.242461170268564	0.808460131400744	0.935001717185208	-7.1023130712158
MIMAT0000682	hsa-miR-200a	-0.0684829699353697	10.990634749821	-0.220474521866	0.82553536712302	0.945890536821878	-7.10737397979274
MIMAT0000727	hsa-miR-374a	0.0520127447003551	8.12626347972481	0.220365352798125	0.825620363501687	0.945890536821878	-7.10739790914511
MIMAT0004761	hsa-miR-483-5p	0.0423960257657869	7.73650109938766	0.21661284195912	0.828543214584577	0.945890536821878	-7.10821323735431
MIMAT0003389	hsa-miR-542-3p	0.032177859702835	7.30285121289507	0.206618801758825	0.836339123155735	0.95071028529669	-7.11031639066564
MIMAT0004595	hsa-miR-135a*	0.0217574862825058	7.03493379395987	0.200468753348601	0.841144566636962	0.951144454551747	-7.11156124682581
MIMAT0000737	hsa-miR-382	-0.0184660762052964	6.78556280258242	-0.196980878592977	0.843872523587265	0.951144454551747	-7.1122505280217
MIMAT0002171	hsa-miR-410	0.0189091158359513	6.81949716827837	0.1884343296569	0.850564866335469	0.953941273338864	-7.11388837697794
MIMAT0003240	hsa-miR-575	-0.0401979150495952	7.82248279155519	-0.180965041804334	0.856422519229733	0.953941273338864	-7.11526030257053
MIMAT0003258	hsa-miR-590-5p	0.0421303891507447	8.8328776027308	0.171622275413151	0.863760537459716	0.953941273338864	-7.11689824403492
MIMAT0003163	hsa-miR-539	-0.0116444208589614	6.57371688688542	-0.170346230638005	0.86476370019012	0.953941273338864	-7.11711521860529
MIMAT0002817	hsa-miR-495	0.0129810170385598	6.55082019895582	0.168675886156944	0.866077171240307	0.953941273338864	-7.11739679163524
MIMAT0003945	hsa-miR-765	-0.0182848027163569	6.82834619194478	-0.164282099228189	0.869533973514089	0.953941273338864	-7.11812421247145
MIMAT0004602	hsa-miR-125a-3p	-0.0252009365350343	7.33461467315759	-0.161838405428871	0.871457629403549	0.953941273338864	-7.11852047460379
MIMAT0000435	hsa-miR-143	0.0333799276323292	8.61471097088278	0.153335010554267	0.878157295574473	0.957335412388564	-7.11985307572753
MIMAT0004599	hsa-miR-143*	0.00981830744074852	6.68169473819378	0.145429578189858	0.884393694672865	0.958730523259933	-7.12102746972879
MIMAT0000438	hsa-miR-152	-0.0236532230188651	8.10664392064173	-0.142577359437728	0.886645521511066	0.958730523259933	-7.12143592582045
MIMAT0004484	hsa-let-7d*	0.00348513705170816	6.29518869430161	0.122529724747203	0.90249797214627	0.969452232785758	-7.12407860885146
MIMAT0003233	hsa-miR-551b	-0.0237695791360411	7.76470256041731	-0.113762137080519	0.909443481083385	0.969452232785758	-7.12510873567222
MIMAT0000070	hsa-miR-17	-0.0204299523592626	9.06180870051285	-0.112051831166125	0.910799176478323	0.969452232785758	-7.1253007735142
MIMAT0000446	hsa-miR-127-3p	-0.0214742651009709	8.07666663008023	-0.11039939798258	0.912109245348135	0.969452232785758	-7.12548355030907
MIMAT0003340	hsa-miR-542-5p	-0.0167725955694227	7.52088955191242	-0.107026732182505	0.91478387379408	0.969452232785758	-7.125848176252
MIMAT0000424	hsa-miR-128	0.0170075513002583	7.98198366656897	0.101873412397541	0.91887247208017	0.969920942751291	-7.12638346566068
MIMAT0000281	hsa-miR-224	0.0246619527314182	7.31020951464256	0.0902119637958381	0.92813232709537	0.975822920977741	-7.12749727323099
MIMAT0002874	hsa-miR-503	0.0114970645359174	7.22920717107468	0.080133034275394	0.936143475380519	0.980370726185898	-7.12835097818736
MIMAT0003322	hsa-miR-652	0.00908756713133219	7.61897297879247	0.0631713055222965	0.949639562847113	0.985002170655065	-7.12955961034492
MIMAT0004955	hsa-miR-374b	-0.00879988761714756	7.56194834634314	-0.0609975895787842	0.951370270517156	0.985002170655065	-7.12969381906604
MIMAT0004774	hsa-miR-501-3p	0.00431592153620386	6.76130715929315	0.0606148517131848	0.951675029542676	0.985002170655065	-7.12971696339641
MIMAT0003266	hsa-miR-598	-0.00551413255190791	6.63916269243869	-0.0498373765730043	0.960259446089805	0.988979099991908	-7.13030887505934
MIMAT0002809	hsa-miR-146b-5p	-0.00966702253144902	9.52988252553968	-0.0386979318674972	0.969137015612523	0.988979099991908	-7.13079926978353
MIMAT0004606	hsa-miR-136*	-0.00362863562243998	6.74625001243542	-0.0383524582207697	0.969412407423167	0.988979099991908	-7.13081250575043
MIMAT0000227	hsa-miR-197	-0.00624295981531553	7.88674977324005	-0.0371270432663273	0.970389267285293	0.988979099991908	-7.13085849730904
MIMAT0000687_MIMAT0002890	hsa-miR-299-5p	-0.00277149273167687	6.90550910320776	-0.0208108855560932	0.983399628058851	0.995575642442026	-7.13132855044949
MIMAT0004695	hsa-miR-337-5p	0.0021005943615453	6.913097190067	0.0188099819832238	0.98499550511865	0.995575642442026	-7.13136797043012
MIMAT0004776	hsa-miR-505*	0.00106397465790042	6.77026582642307	0.0124334439450735	0.990081662745856	0.995575642442026	-7.13146703307406
MIMAT0001413	hsa-miR-20b	0.00245320976196517	9.43277088396267	0.0102380693523163	0.991832876868936	0.995575642442026	-7.13149178195115
MIMAT0000245	hsa-miR-30d	-0.000846599550177629	10.3226583276941	-0.00383209758791	0.996943009245346	0.996943009245346	-7.13153659976251
