	name	logFC	AveExpr	t	P.Value	adj.P.Val	B
MIMAT0005942	hsa-miR-1288	-0.304356273797979	6.29757442829253	-10.2620917037224	7.7902980979727e-24	1.07622801093246e-21	43.2274198720298
MIMAT0005893	hsa-miR-1305	-0.537767567472023	6.61596807438205	-10.2581342519663	8.09193993182302e-24	1.07622801093246e-21	43.1899686190152
MIMAT0005938	hsa-miR-1274b	-0.749267152152653	12.1719476180422	-4.87707338289264	1.20587122866375e-06	0.000106920582274852	4.51984777216201
MIMAT0000417	hsa-miR-15b	0.575823414492879	12.8876203000871	4.10818842815768	4.2300793869502e-05	0.00281300279232188	1.13310617855868
MIMAT0000250	hsa-miR-139-5p	-0.441835946511445	6.91398843011334	-4.04321834550754	5.57340056996106e-05	0.00296504910321929	0.872770521508508
MIMAT0000080	hsa-miR-24	0.415974953291094	12.105776213781	3.58797318836761	0.000345297607831753	0.0137482884981826	-0.837528818036604
MIMAT0000267	hsa-miR-210	0.986263706098363	9.87736350577873	3.54496560688113	0.000406215710902362	0.0137482884981826	-0.988766198105308
MIMAT0005954	hsa-miR-720	-0.646228321243601	14.7958438181295	-3.54024505875761	0.000413482360847598	0.0137482884981826	-1.00525715600145
MIMAT0000088	hsa-miR-30a*	-0.914894262865881	9.32314484111859	-3.49861359964972	0.000483040575791454	0.0142765325733919	-1.14976033755316
MIMAT0000436	hsa-miR-144	-0.905785128886587	7.69038560513332	-3.42258552738267	0.000639034442569617	0.0169983161723518	-1.40932256351541
MIMAT0004550	hsa-miR-30c-2*	-0.476321612446823	7.29832245815206	-3.2636711543819	0.00112760550401569	0.0272675512789249	-1.93375522407269
MIMAT0000278	hsa-miR-221	-0.555841348316366	8.05856675243203	-3.17273891693698	0.0015444662556374	0.0322775704899071	-2.22280465912402
MIMAT0007890	hsa-miR-1914*	-0.230286823612944	6.8738606482743	-3.16654688750642	0.00157747524950674	0.0322775704899071	-2.24219498619748
MIMAT0000099	hsa-miR-101	-0.541274991738174	9.0218396216369	-3.12196200778984	0.00183503216535975	0.0348656111418352	-2.38071065437048
MIMAT0000244	hsa-miR-30c	-0.528285822215475	10.0878566470866	-2.99818107784737	0.00276614138807396	0.0474050249723449	-2.75512053515207
MIMAT0000265	hsa-miR-204	-0.308255165472978	6.56039593940158	-2.98885148254647	0.00285143007352451	0.0474050249723449	-2.78273511113187
MIMAT0005911	hsa-miR-1260	-0.470120140081653	10.7324391077942	-2.93915882457285	0.00334757256860136	0.052379664896939	-2.92838897322219
MIMAT0002819	hsa-miR-193b	0.507793740127346	10.550969472606	2.8753297424376	0.00410004092819922	0.0605894937167218	-3.11194092534248
MIMAT0003326	hsa-miR-663	0.581998609669624	8.12790085093705	2.81744606787329	0.00491199229267513	0.0680609064994018	-3.27495414312524
MIMAT0002177	hsa-miR-486-5p	-0.562344756826575	7.23198935840113	-2.80418751571716	0.00511736139093247	0.0680609064994018	-3.31183210377943
MIMAT0001631	hsa-miR-451	-1.22060368585532	11.9419992465271	-2.73021403304687	0.00641248064946187	0.0812247548931837	-3.51442937743619
MIMAT0000693	hsa-miR-30e*	-0.427578943692821	8.52895611572961	-2.68518947587956	0.00733857362820125	0.0885469606263096	-3.63511992425227
MIMAT0001627	hsa-miR-433	-0.0571397919599042	6.24473593906616	-2.65359733668034	0.00805833065919194	0.0885469606263096	-3.71861899074747
MIMAT0000261	hsa-miR-183	0.722247402704063	9.83843053965925	2.64654645324983	0.00822736057253347	0.0885469606263096	-3.73712124628897
MIMAT0004600	hsa-miR-144*	-0.377571716021081	6.59532349787693	-2.64265177652429	0.0083220827656306	0.0885469606263096	-3.74732040073555
MIMAT0000087	hsa-miR-30a	-0.849127122660516	10.7292413104764	-2.62751152893066	0.00869965418891529	0.0890041543942872	-3.78682760292925
MIMAT0003239	hsa-miR-574-3p	-0.382421276685522	7.94395535122137	-2.58974726978085	0.00970904562670627	0.0956520791371802	-3.88439114659324
MIMAT0000104	hsa-miR-107	0.388693210711434	10.2169794343849	2.55167812706111	0.010831095166217	0.0965529356911911	-3.98132705734093
MIMAT0000226	hsa-miR-196a	1.18547503951702	9.34717280747013	2.55112958010702	0.0108480734664365	0.0965529356911911	-3.9827134407226
MIMAT0000281	hsa-miR-224	0.670604171161487	7.30884325661238	2.53915900225834	0.0112245246899544	0.0965529356911911	-4.0128940647027
MIMAT0001343_MIMAT0003393	hsa-miR-425	0.455827010383833	10.0932889547208	2.53828656822746	0.0112524097985975	0.0965529356911911	-4.01508817873889
MIMAT0000093	hsa-miR-93	0.317125772324813	10.6020256304016	2.47921249403924	0.013289870013668	0.105044327157798	-4.1619180643036
MIMAT0000089	hsa-miR-31	-0.432367312747009	7.15958610104556	-2.47579297829807	0.0134172282550694	0.105044327157798	-4.17031246959557
MIMAT0004674	hsa-miR-30c-1*	-0.115711674384621	6.64024669361214	-2.4755393202551	0.0134267185088914	0.105044327157798	-4.17093470520173
MIMAT0002872	hsa-miR-501-5p	-0.116102314769287	6.40309463342499	-2.43536794446416	0.0150067037620018	0.114050948591214	-4.26867977792292
MIMAT0004603	hsa-miR-125b-2*	-0.249515061483335	7.07593847346222	-2.33845099776682	0.0195106848018086	0.144162282146697	-4.49797206520429
MIMAT0000255	hsa-miR-34a	0.339065746557411	12.9568434925094	2.319356379795	0.0205258609225193	0.147564297442977	-4.54205860494712
MIMAT0003308	hsa-miR-638	-0.53822112968647	10.0187563983726	-2.29664632893641	0.0217930382842866	0.150671314336005	-4.59402579150724
MIMAT0004605	hsa-miR-129-3p	-0.132767576111312	6.46919515894037	-2.28196202615325	0.022648212448808	0.150671314336005	-4.62735767607778
MIMAT0000691	hsa-miR-130b	0.351216913477584	9.33069116673244	2.28180790860651	0.0226573405016549	0.150671314336005	-4.62770638248503
MIMAT0000437	hsa-miR-145	-0.484345820637777	10.2580164291603	-2.20347699446	0.0277312319231049	0.179792335552754	-4.80191298890574
MIMAT0000681	hsa-miR-29c	-0.39005257468082	13.0393530337512	-2.19426139697869	0.0283882635083297	0.179792335552754	-4.82201123033076
MIMAT0005939	hsa-miR-1281	-0.0899029612860875	6.45103264599343	-2.17526310935718	0.0297852303285512	0.181894725838261	-4.8631805716269
MIMAT0000736	hsa-miR-381	-0.287347792894063	7.31832500015925	-2.16657601722494	0.0304434680766052	0.181894725838261	-4.88188709537451
MIMAT0004504	hsa-miR-31*	-0.370942458125504	6.91252832995636	-2.14240700760906	0.0323409962944538	0.181894725838261	-4.9335408228009
MIMAT0000256	hsa-miR-181a	0.431392544407959	9.44456029057141	2.13079737613445	0.0332879802268224	0.181894725838261	-4.9581481905568
MIMAT0002820	hsa-miR-497	-0.358376025675189	9.14199243797994	-2.10725793383893	0.0352811505445435	0.181894725838261	-5.00763394204406
MIMAT0000257	hsa-miR-181b	0.393237300219671	8.99101763739321	2.10363813106751	0.0355965231632321	0.181894725838261	-5.01519522578718
MIMAT0003237	hsa-miR-572	-0.30601818807336	7.49901688138355	-2.09871984046069	0.036028881237985	0.181894725838261	-5.02544818390194
MIMAT0000074	hsa-miR-19b	-0.328620199352679	10.440626955416	-2.09633252373258	0.0362403568169911	0.181894725838261	-5.03041633019914
MIMAT0004610	hsa-miR-150*	0.217591407912962	7.2782714511278	2.08331147239255	0.0374125351459538	0.181894725838261	-5.05741502593219
MIMAT0000423	hsa-miR-125b	-0.45372821300773	13.1064988342717	-2.0815610293965	0.037572549969475	0.181894725838261	-5.06103176496859
MIMAT0000275	hsa-miR-218	-0.340314913998814	7.58006987959222	-2.07473280034753	0.0382023295155788	0.181894725838261	-5.0751112776126
MIMAT0004601	hsa-miR-145*	-0.236781631051285	7.20550701363067	-2.07397899567553	0.0382724018320593	0.181894725838261	-5.07666277311335
MIMAT0004814	hsa-miR-654-3p	-0.237650682003578	7.03311715508387	-2.07389897521881	0.0382798468074807	0.181894725838261	-5.07682743989198
MIMAT0000425	hsa-miR-130a	-0.401159630212828	10.6874998320972	-2.07296929304438	0.0383664333389099	0.181894725838261	-5.07874008510623
MIMAT0000076	hsa-miR-21	0.43611855693368	15.532772604056	2.0664591571823	0.0389774412510559	0.181894725838261	-5.09210958379814
MIMAT0003150	hsa-miR-455-5p	-0.238113514194962	6.99736413641923	-2.04976846217857	0.0405818597244057	0.185579547889478	-5.12619542926684
MIMAT0004597	hsa-miR-140-3p	-0.297622591457856	9.45334725247513	-2.03379053937834	0.0421699283402104	0.185579547889478	-5.15856830160348
MIMAT0000686	hsa-miR-34c-5p	-0.313062911534656	7.28487812776231	-2.02585499007727	0.0429780216112122	0.185579547889478	-5.1745529490685
MIMAT0004689	hsa-miR-377*	-0.0848708552536994	6.3461841781366	-2.01776862105588	0.0438149145076719	0.185579547889478	-5.19077750452718
MIMAT0005796	hsa-miR-1271	-0.146605918815993	6.80336163773183	-2.0132790059762	0.044285483078712	0.185579547889478	-5.19975765960479
MIMAT0000445	hsa-miR-126	-0.507735685065793	9.45992193090394	-2.0050969766681	0.0451540474675688	0.185579547889478	-5.21607226980995
MIMAT0003228	hsa-miR-564	-0.072413002293529	6.35035215452142	-2.00100888057255	0.0455933790443688	0.185579547889478	-5.22419901496296
MIMAT0000081	hsa-miR-25	0.271036586784316	8.8487760539379	1.99930206034553	0.045777868446302	0.185579547889478	-5.2275871322397
MIMAT0004595	hsa-miR-135a*	0.202032742819259	7.02411130319148	1.9968312417348	0.0460460532357351	0.185579547889478	-5.2324867303088
MIMAT0000252	hsa-miR-7	0.577134932998676	8.03500665408306	1.96241338601968	0.0499216196604776	0.195818916383037	-5.30011053072676
MIMAT0000280	hsa-miR-223	-0.554097674245387	10.3323218872331	-1.96123538912289	0.0500589711054381	0.195818916383037	-5.30240435766641
MIMAT0000452	hsa-miR-154	-0.175103739149161	6.90643359399887	-1.92747147866239	0.0541326515438448	0.208685294357431	-5.36756816735249
MIMAT0000101	hsa-miR-103	0.25477788603478	12.7340265366448	1.91540585810911	0.0556540052485676	0.211485219944557	-5.39058171900495
MIMAT0000095	hsa-miR-96	0.594192681123299	10.1915656210906	1.88274747097624	0.0599516798215225	0.224607701866549	-5.45215218655009
MIMAT0004795	hsa-miR-574-5p	-0.381334605303646	8.92153185965508	-1.87121613297735	0.0615334982067507	0.227332090597162	-5.47364049592967
MIMAT0004694	hsa-miR-342-5p	-0.373782065466847	9.08578630529948	-1.85224550560761	0.0642109832312769	0.233974267664653	-5.508705963037
MIMAT0000710	hsa-miR-365	0.360814631702434	9.5464761515344	1.83164518930968	0.0672268005514738	0.240641661406465	-5.54638116172449
MIMAT0000763	hsa-miR-338-3p	-0.532845148355243	8.81317161976935	-1.82748297561562	0.0678500925018227	0.240641661406465	-5.55394237991131
MIMAT0000094	hsa-miR-95	-0.281640585427165	7.06879298200959	-1.80764460978565	0.0708866112921705	0.245625966487995	-5.5897462161273
MIMAT0000730	hsa-miR-377	-0.330968440703592	8.1487014875307	-1.80257709600401	0.0716798961508696	0.245625966487995	-5.59882959760601
MIMAT0000687	hsa-miR-299-3p	-0.112306120917991	6.5339871333555	-1.80038274265207	0.0720256593461038	0.245625966487995	-5.60275504350109
MIMAT0000084	hsa-miR-27a	0.282502368434244	13.3385305927263	1.76759823859818	0.0773562743739299	0.260465430170447	-5.6608361008086
MIMAT0005927	hsa-miR-1274a	-0.280827292789153	9.19264660509002	-1.76036601983266	0.0785745070992731	0.261260236105083	-5.67350568373815
MIMAT0000680	hsa-miR-106b	0.23033267397353	12.0329615937146	1.74006657713587	0.0820775422850167	0.26953859565203	-5.70879052450006
MIMAT0000415	hsa-let-7i	0.256427514650676	13.1517748083683	1.6968362456971	0.0899605026851122	0.291823094076096	-5.78257652080179
MIMAT0000100	hsa-miR-29b	-0.410670731485801	9.52299598677184	-1.69033187745596	0.0911977019844663	0.292272153347808	-5.79351829661905
MIMAT0000692	hsa-miR-30e	-0.248549928027876	8.64938703191281	-1.66475189567216	0.0961966891384822	0.301231416920634	-5.83614356436337
MIMAT0000431	hsa-miR-140-5p	-0.294320529321185	10.1542142415968	-1.66444405610819	0.0962581595423078	0.301231416920634	-5.83665259212846
MIMAT0000082	hsa-miR-26a	-0.273089705535046	10.9656831471212	-1.65152003984862	0.0988673840594921	0.305799118137499	-5.85793849850483
MIMAT0000770	hsa-miR-133b	-0.170113760398536	6.54189857959554	-1.64515482604724	0.100173069003174	0.306276279940738	-5.86836129727257
MIMAT0000461	hsa-miR-195	-0.461718602472543	10.5001226122382	-1.63115921177781	0.103092364979624	0.311620103233865	-5.89113762085508
MIMAT0000729	hsa-miR-376a	-0.290333957893253	8.1577699570218	-1.62113992779251	0.105223547268094	0.312706724978436	-5.90732386535949
MIMAT0000646	hsa-miR-155	0.390725299239392	8.98041766004179	1.61719932495646	0.106071275993371	0.312706724978436	-5.91366272782378
MIMAT0001638	hsa-miR-409-5p	-0.0964100146404672	6.49093908906363	-1.60398029899213	0.108954698970427	0.312706724978436	-5.93481464520088
MIMAT0000065	hsa-let-7d	0.35878520019403	9.88859248787746	1.60396299880206	0.108958512867525	0.312706724978436	-5.93484221412699
MIMAT0002173	hsa-miR-483-3p	-0.112471158952084	6.39625003129998	-1.60228112000041	0.109329794823288	0.312706724978436	-5.93752097819741
MIMAT0005901	hsa-miR-1249	0.187611254109614	7.19528997522011	1.57741978043616	0.114935649410064	0.318169103413204	-5.97679159719098
MIMAT0000720	hsa-miR-376c	-0.292516263247862	8.29822626537767	-1.57441378256477	0.115628527606057	0.318169103413204	-5.9814983710305
MIMAT0004606	hsa-miR-136*	-0.13273578368482	6.7402146487628	-1.56938669710562	0.11679460495935	0.318169103413204	-5.98934976468033
MIMAT0000435	hsa-miR-143	-0.305250468754546	8.59798720169983	-1.56881668793077	0.1169274052303	0.318169103413204	-5.99023843629758
MIMAT0004911	hsa-miR-874	-0.126639746221574	7.37411785321337	-1.56756175857147	0.117220195994338	0.318169103413204	-5.99219379775769
MIMAT0003879	hsa-miR-758	-0.130517615220889	6.66844267622382	-1.55778923655198	0.119520004588508	0.321134557783265	-6.00736745916224
MIMAT0000258	hsa-miR-181c	-0.256774908876567	7.89699616980322	-1.54367939393468	0.122902788409294	0.326921417168722	-6.0291088143883
MIMAT0000765	hsa-miR-335	-0.276076025999314	7.28605394177559	-1.53164392705617	0.125847016604867	0.331438677394996	-6.04749806134402
MIMAT0000098	hsa-miR-100	-0.341291358340218	10.2443427703977	-1.49620310593851	0.134836865693425	0.347234361216197	-6.1008157683625
MIMAT0000077	hsa-miR-22	0.248274434804074	14.0780935608503	1.49056263282998	0.136312356447347	0.347234361216197	-6.10918664033568
MIMAT0000459	hsa-miR-193a-3p	0.214424843157265	8.10366219402621	1.48959843840402	0.136565823987061	0.347234361216197	-6.110614421262
MIMAT0000757	hsa-miR-151-3p	0.243072328011809	9.47273334661121	1.48434066756348	0.137954398742523	0.347234361216197	-6.11838393727404
MIMAT0003233	hsa-miR-551b	-0.284946597143603	7.7504669509238	-1.48276898463344	0.138371587552319	0.347234361216197	-6.12070112961488
MIMAT0004558	hsa-miR-181a-2*	-0.118534712235278	6.82144757378392	-1.46173555020149	0.144048801724091	0.358102628585122	-6.15147604254417
MIMAT0000762	hsa-miR-324-3p	-0.191914068253348	9.06565827104093	-1.44468903349313	0.148779684691264	0.364063157288622	-6.17609600024163
MIMAT0004589	hsa-miR-30b*	-0.11527279865436	6.97084269495256	-1.44325232586803	0.149183774979172	0.364063157288622	-6.17815785524303
MIMAT0001412	hsa-miR-18b	0.184945134541742	7.27921257068748	1.43780311557937	0.150724052281372	0.364478162789499	-6.18595956473131
MIMAT0004784	hsa-miR-455-3p	-0.30620465798221	8.65133714586486	-1.41872318205545	0.156212918679896	0.374348075395067	-6.21304470727577
MIMAT0002814	hsa-miR-432	-0.0963641951685617	6.61372690285779	-1.40789530296989	0.159394657978241	0.378283314874294	-6.22825510311737
MIMAT0002175	hsa-miR-485-5p	-0.0517359329516411	6.32605041877972	-1.40350274160436	0.16069930293532	0.378283314874294	-6.23439239964646
MIMAT0002816	hsa-miR-494	-0.512684248309494	10.2815385601509	-1.39231561454142	0.164058487757564	0.381410883789528	-6.24993671400328
MIMAT0000733	hsa-miR-379	-0.189727288595126	7.34982548576026	-1.38955444621948	0.164895682841337	0.381410883789528	-6.25375422349583
MIMAT0000066	hsa-let-7e	0.353981843200852	12.0959598577199	1.3696774570983	0.171017717759694	0.392161318311023	-6.28101256358604
MIMAT0000510	hsa-miR-320a	-0.213819247053751	9.32015719013712	-1.36056172479932	0.173881670832155	0.395320721720967	-6.29338245444278
MIMAT0000266	hsa-miR-205	-0.567055626526486	9.99228422755015	-1.34449293737605	0.179017213998083	0.403547279012629	-6.31498693914598
MIMAT0000760	hsa-miR-331-3p	0.178476177226608	9.94439368728422	1.33376766949902	0.182507289547014	0.404665491684027	-6.32926461508184
MIMAT0000416	hsa-miR-1	-0.185822920900951	6.65446276752192	-1.33361948538008	0.182555860910088	0.404665491684027	-6.32946108180762
MIMAT0004774	hsa-miR-501-3p	0.089525551441576	6.75151145074928	1.3268377953729	0.184789023705625	0.406230415749555	-6.33842914214881
MIMAT0000072	hsa-miR-18a	0.189479365247568	7.45140591401652	1.31274903012093	0.189492932779076	0.413156722288806	-6.35691425871892
MIMAT0005948	hsa-miR-664*	0.151387472220038	7.06899456031961	1.30260142608946	0.192935309559084	0.417242214168425	-6.37010645519456
MIMAT0004568	hsa-miR-221*	-0.1526029924	6.86828114378967	-1.28974011679516	0.197364070471415	0.423377764075777	-6.38667982717374
MIMAT0004695	hsa-miR-337-5p	-0.126602585551216	6.90647617376736	-1.24755878530026	0.212411260313656	0.452011161947459	-6.43988431844404
MIMAT0000438	hsa-miR-152	-0.19170929736502	8.08612986898415	-1.23101625612838	0.218533402854407	0.458925845788598	-6.46026808861413
MIMAT0000232	hsa-miR-199a-3p	0.405582059803697	12.8571509894966	1.22529931838613	0.220678384615137	0.458925845788598	-6.46724940209132
MIMAT0002874	hsa-miR-503	0.167155486145544	7.21820971872286	1.22365750540544	0.22129717332931	0.458925845788598	-6.46924833066276
MIMAT0000447	hsa-miR-134	0.131142620354068	7.20023367077863	1.22031237267581	0.222561782356124	0.458925845788598	-6.47331279816861
MIMAT0005865	hsa-miR-1202	0.405596627342611	11.3493522654879	1.20018855040974	0.23027884623288	0.471185946907277	-6.49752974903453
MIMAT0000279	hsa-miR-222	-0.284804875032262	8.12300310393357	-1.17270427264107	0.24112342220714	0.489609391657245	-6.52995510693944
MIMAT0000687_MIMAT0002890	hsa-miR-299-5p	-0.138883702985042	6.89952607985826	-1.13879753830413	0.254991717551244	0.507816689527574	-6.56892470818183
MIMAT0003163	hsa-miR-539	-0.0719819143003404	6.5670598982749	-1.13867094638543	0.255044514944493	0.507816689527574	-6.56906806453885
MIMAT0000737	hsa-miR-382	-0.0987835478264731	6.77907204052414	-1.13681981787803	0.255817430062763	0.507816689527574	-6.5711625192743
MIMAT0004514	hsa-miR-29b-1*	-0.108803000490383	6.95170329349452	-1.12369407435681	0.261344655691239	0.514945766028664	-6.58591604971123
MIMAT0004951	hsa-miR-887	-0.133348845019542	6.77188976532808	-1.11786118484166	0.263827211043337	0.51601498630535	-6.59241742204899
MIMAT0003299	hsa-miR-630	-0.137616528437372	6.820802634213	-1.10515543728872	0.26929118072876	0.522857329006206	-6.6064624146687
MIMAT0004697	hsa-miR-151-5p	0.204889298183826	8.86662054110067	1.08813469171657	0.276731861862534	0.531615829374209	-6.6250260893933
MIMAT0000420	hsa-miR-30b	-0.200466047863229	9.63626091962465	-1.08571877683589	0.277799249184267	0.531615829374209	-6.62763769824411
MIMAT0002876	hsa-miR-505	-0.0997055492148347	7.26412847909334	-1.07566551597718	0.282271043748689	0.53631498312251	-6.63844306675613
MIMAT0000418	hsa-miR-23b	0.186161140953077	10.2755440663281	1.06026502430545	0.2892156421536	0.545612488034451	-6.65480110682462
MIMAT0000068	hsa-miR-15a	0.212691141543828	12.0022516694046	1.03744411710269	0.299716613345673	0.557729587645126	-6.67860790087113
MIMAT0000078	hsa-miR-23a	0.174745018754075	13.5172450164454	1.03719620120219	0.299832071553583	0.557729587645126	-6.6788636874968
MIMAT0003221	hsa-miR-557	0.0748318809935853	6.65056187023893	1.02435907709702	0.305851099159141	0.558129752357788	-6.69202495648191
MIMAT0000086	hsa-miR-29a	-0.141505920035955	13.6881460687235	-1.02374754249162	0.306139821054097	0.558129752357788	-6.69264784907161
MIMAT0004571	hsa-miR-200b*	-0.157882040309579	7.53225024055187	-1.02331976417109	0.306341894151267	0.558129752357788	-6.69308335172574
MIMAT0001639	hsa-miR-409-3p	-0.0919710183103906	6.99087960486872	-0.982671992551847	0.325946777699596	0.589808454884983	-6.73363600288457
MIMAT0000263	hsa-miR-199b-5p	-0.261895618291413	8.59660498842729	-0.974546554111744	0.329961613226931	0.590441250081217	-6.74154561888076
MIMAT0000617	hsa-miR-200c	0.223923089503239	9.22190706392988	0.972986925679923	0.330735888203389	0.590441250081217	-6.74305631961612
MIMAT0004493	hsa-miR-20a*	-0.122206537748131	7.18403800742869	-0.952020417808864	0.341258788455119	0.605165584860411	-6.76313050550155
MIMAT0005949	hsa-miR-664	-0.0523485861078301	6.61750516550978	-0.938592214515021	0.348109763991229	0.610555489287662	-6.77575780977841
MIMAT0004776	hsa-miR-505*	0.0780165558815558	6.76152577198774	0.933129201761941	0.350921831684838	0.610555489287662	-6.78084372856155
MIMAT0002821	hsa-miR-181d	-0.12595427343304	7.4620544211287	-0.929617936702392	0.352736832230765	0.610555489287662	-6.78409696968611
MIMAT0000703	hsa-miR-361-5p	-0.108766537829221	10.1958665400847	-0.928184498533168	0.35347949379812	0.610555489287662	-6.78542155131928
MIMAT0000755	hsa-miR-323-3p	0.0275117696087053	6.27814693286403	0.922045606653312	0.356671225130874	0.612093844418144	-6.79107115851186
MIMAT0001080	hsa-miR-196b	0.171226376194514	7.84118490597343	0.917003473536209	0.359306283583922	0.6126474502165	-6.79568341574669
MIMAT0002176	hsa-miR-485-3p	-0.0306843725361743	6.31538363188309	-0.905009581495707	0.365623445218457	0.6126474502165	-6.80655324182167
MIMAT0004775	hsa-miR-502-3p	-0.0790627492993412	7.40018836601387	-0.903024106749369	0.366675847634129	0.6126474502165	-6.80833884937741
MIMAT0000271	hsa-miR-214	0.204507189551683	10.9652279189335	0.897532657660866	0.369596428700013	0.6126474502165	-6.81325710513042
MIMAT0000707	hsa-miR-363	0.251695744888691	7.95803591891584	0.89426084085524	0.371343379131838	0.6126474502165	-6.81617316768597
MIMAT0000752	hsa-miR-328	-0.0303511322107459	6.3324185562376	-0.886930261407934	0.37527604058322	0.6126474502165	-6.82266805786083
MIMAT0000092	hsa-miR-92a	-0.156303841162838	8.92249333348097	-0.885930066365045	0.375814608808521	0.6126474502165	-6.82355009044813
MIMAT0004599	hsa-miR-143*	-0.0554002103080533	6.67403639881198	-0.882274364663009	0.377787130982188	0.6126474502165	-6.82676545323808
MIMAT0002171	hsa-miR-410	-0.0810488225251245	6.81356721052664	-0.879972166491163	0.379032608637328	0.6126474502165	-6.82878353074974
MIMAT0005793	hsa-miR-320c	-0.131696897516889	10.8629951141408	-0.878139876022203	0.380025674006476	0.6126474502165	-6.83038592926314
MIMAT0000097	hsa-miR-99a	-0.231065985061051	10.8898574639844	-0.851318735823009	0.394744846585078	0.632542946937534	-6.85346005054996
MIMAT0000064	hsa-let-7c	-0.133684246021343	13.7236734934904	-0.82255291000623	0.410909036657978	0.654501818868396	-6.87741262485558
MIMAT0002174	hsa-miR-484	-0.0552185769683078	6.84400097009222	-0.81140063205669	0.417280134119619	0.654841596121279	-6.88647761472633
MIMAT0000728	hsa-miR-375	0.317635089616024	9.39727855797665	0.80799245882921	0.419238731756139	0.654841596121279	-6.88922324372632
MIMAT0003180	hsa-miR-487b	-0.0788515565050387	6.88110357532765	-0.806625042117857	0.420026073265644	0.654841596121279	-6.89032159108777
MIMAT0003886	hsa-miR-769-5p	-0.0872050254333505	7.77661537530124	-0.804988359306483	0.420969597506537	0.654841596121279	-6.89163377695262
MIMAT0000432	hsa-miR-141	0.214561522501489	11.4645018263596	0.792161501166709	0.42840711330108	0.662536582198182	-6.90182531426691
MIMAT0000253	hsa-miR-10a	0.268323948557684	8.86232304570021	0.783749041307763	0.433326271683236	0.664468807667983	-6.90842060302926
MIMAT0000419	hsa-miR-27b	0.143194521063273	10.1185992020228	0.77366227910276	0.439267372684289	0.664468807667983	-6.91623578489297
MIMAT0000449	hsa-miR-146a	0.17737503753359	9.39717356527705	0.77214271758507	0.440166435368631	0.664468807667983	-6.917404368854
MIMAT0001618	hsa-miR-191*	0.0335125521169983	6.47796316860379	0.77197351420494	0.440266611463858	0.664468807667983	-6.91753434880741
MIMAT0004614	hsa-miR-193a-5p	-0.117731123808342	8.40770281656061	-0.765986402424778	0.443819671375221	0.664468807667983	-6.92211525378845
MIMAT0000689	hsa-miR-99b	0.139150967423111	8.3508993901292	0.761257109975883	0.44663782842863	0.664468807667983	-6.92570857501484
MIMAT0004945	hsa-miR-744	-0.0637802284827753	6.67369922309879	-0.760411920383993	0.447142543505898	0.664468807667983	-6.9263484090157
MIMAT0000753	hsa-miR-342-3p	-0.191345266045701	10.5843685375917	-0.754264822446704	0.450823112082647	0.666216376744356	-6.93098058224848
MIMAT0000761	hsa-miR-324-5p	0.092911831410853	8.34633377502605	0.741923759583867	0.458263906412265	0.673470713290953	-6.94016682968766
MIMAT0000451	hsa-miR-150	-0.271749074671512	10.8769017076457	-0.731652833581976	0.464508776153236	0.677455174370789	-6.94769669208761
MIMAT0000446	hsa-miR-127-3p	-0.132065525929604	8.06712642041624	-0.729062576157854	0.466091142122151	0.677455174370789	-6.9495791113257
MIMAT0000426	hsa-miR-132	-0.0717220253032353	7.5440780900559	-0.724940240934998	0.468615609339192	0.677455174370789	-6.95256118222308
MIMAT0003330	hsa-miR-654-5p	-0.0208198503835622	6.32132718308172	-0.717331831763058	0.473294738237695	0.680521083087712	-6.95802068682789
MIMAT0004602	hsa-miR-125a-3p	-0.105720278968517	7.32495176236841	-0.704195871392983	0.4814334968699	0.68688370005243	-6.96731108185609
MIMAT0000075	hsa-miR-20a	-0.180973696848179	11.50217508876	-0.701866881990002	0.482884405675957	0.68688370005243	-6.96894035096688
MIMAT0002813	hsa-miR-493*	0.0574478260120088	6.60008497912142	0.641653477844497	0.521208245391696	0.73095188212807	-7.00919089790549
MIMAT0004494	hsa-miR-21*	0.140254719040492	9.18615427838094	0.638937521615616	0.522973075401337	0.73095188212807	-7.01092143671817
MIMAT0000254	hsa-miR-10b	-0.186630631491386	10.1220998256795	-0.638854720296945	0.523026927958061	0.73095188212807	-7.01097408039532
MIMAT0004587	hsa-miR-23b*	-0.0386788832605509	6.55032875169836	-0.633481203832039	0.526527854882094	0.73095188212807	-7.01437589174096
MIMAT0000450	hsa-miR-149	0.142137511119122	7.84376987151383	0.627829132058425	0.530223151214302	0.73095188212807	-7.01792305971998
MIMAT0000424	hsa-miR-128	0.0998243221686277	7.96292515692101	0.627631950095212	0.530352305453825	0.73095188212807	-7.0180462350624
MIMAT0004761	hsa-miR-483-5p	0.115924372424482	7.72999367888036	0.610346568605189	0.541736037238409	0.739084951018765	-7.02869376697198
MIMAT0000685	hsa-miR-34b*	-0.0931143618918275	8.42260031913985	-0.605170077375889	0.545168749036504	0.739084951018765	-7.03182458472696
MIMAT0004557	hsa-miR-34a*	-0.0403700341759414	6.62778042865753	-0.604785623046822	0.545424124684785	0.739084951018765	-7.03205604514016
MIMAT0000269	hsa-miR-212	0.0335972194245828	6.53585405884525	0.599587486236561	0.54888283476321	0.739084951018765	-7.03517114772103
MIMAT0003888	hsa-miR-766	0.0335956367242751	6.94277049074231	0.592953819531205	0.553312390822156	0.739084951018765	-7.03910749121944
MIMAT0003294	hsa-miR-625	0.113882399312994	7.70981624994468	0.587372686014102	0.557052664064716	0.739084951018765	-7.04238536971613
MIMAT0003945	hsa-miR-765	0.0651588929641038	6.82546548053937	0.586169233445492	0.557860787370821	0.739084951018765	-7.04308811375664
MIMAT0000067	hsa-let-7f	0.201897811249715	11.1260355808756	0.585245469774722	0.558481485544255	0.739084951018765	-7.04362655899732
MIMAT0000460	hsa-miR-194	0.0663745605652837	7.38479692353754	0.576054527941593	0.564675327483524	0.743582361933749	-7.04893755966282
MIMAT0000083	hsa-miR-26b	-0.196777519284945	10.1802619015713	-0.545737148975648	0.585337718291699	0.763249447538399	-7.06586078264415
MIMAT0000096	hsa-miR-98	0.143985918660371	8.66125845292179	0.544491360957806	0.586194236556298	0.763249447538399	-7.06653662696935
MIMAT0000682	hsa-miR-200a	-0.159863052766646	10.9512351352541	-0.541550378418784	0.588218559193127	0.763249447538399	-7.06812599580653
MIMAT0004762	hsa-miR-486-3p	-0.0298711237719891	6.29021564205401	-0.513696499329414	0.607549125340215	0.784505181264549	-7.08275217247833
MIMAT0004780	hsa-miR-532-3p	-0.0397744231047303	7.0433490578227	-0.496269993364042	0.61978555126032	0.793229185788392	-7.09151039576968
MIMAT0004682	hsa-miR-361-3p	-0.0603096234609675	8.43673593373022	-0.495583989768057	0.620269438511224	0.793229185788392	-7.09184898711125
MIMAT0000731_MIMAT0000732	hsa-miR-378	-0.0435838269795221	6.87952390670881	-0.476490318604487	0.633803003408646	0.806658367974641	-7.10108519630285
MIMAT0000222	hsa-miR-192	0.0987555928050368	8.24147971745256	0.469096881585065	0.639076909769555	0.809497419041436	-7.10456421684369
MIMAT0003338	hsa-miR-660	-0.0854533702009936	8.71998136943971	-0.458022921610607	0.647010441539294	0.815662452367072	-7.10967339040794
MIMAT0000062	hsa-let-7a	0.126619264598956	13.5410716630305	0.437388864069828	0.661900035943223	0.830350666648255	-7.11886780298415
MIMAT0002809	hsa-miR-146b-5p	0.100992480080515	9.51151444133451	0.427725057117964	0.668920222884852	0.830350666648255	-7.12302827374103
MIMAT0000231	hsa-miR-199a-5p	-0.0919360701038237	8.71913621645981	-0.426224335021421	0.670013032697719	0.830350666648255	-7.12366603026973
MIMAT0004673	hsa-miR-29c*	-0.068841746339908	8.82467773982981	-0.424666604802378	0.671148095223214	0.830350666648255	-7.12432564306631
MIMAT0004767	hsa-miR-193b*	0.0293236356158282	6.81545285463846	0.403899602932408	0.686351174700657	0.84522876143692	-7.13288866338026
MIMAT0004594	hsa-miR-132*	-0.0306591637060398	6.79813084509802	-0.388896987687099	0.697414307564874	0.854894957660168	-7.13880781485558
MIMAT0000759	hsa-miR-148b	-0.0461030173366357	9.33468232557499	-0.352610702359757	0.724435919340163	0.883944745616896	-7.15219826624018
MIMAT0002888	hsa-miR-532-5p	-0.04313778511768	8.14997393524434	-0.34390535702899	0.730971567834659	0.887846744493239	-7.15521585164169
MIMAT0005898	hsa-miR-1246	-0.107726144925505	10.1454222460779	-0.329616196910449	0.741741641140326	0.896833075196939	-7.16000549521191
MIMAT0000433	hsa-miR-142-5p	0.0801302994215627	8.54320680982189	0.324451020571362	0.745647377939523	0.897195003030268	-7.16168683176097
MIMAT0005929	hsa-miR-1275	-0.0645371217298711	8.23276729480924	-0.309755495776361	0.756795192872963	0.897195003030268	-7.16632519752636
MIMAT0003329	hsa-miR-411	-0.0158186110482319	6.38484664699595	-0.305939343729169	0.759698483567075	0.897195003030268	-7.16749454150197
MIMAT0006764	hsa-miR-320d	-0.0487865531768339	11.3300243856798	-0.303262320759557	0.761737163892666	0.897195003030268	-7.16830618427866
MIMAT0000414	hsa-let-7g	0.0806814837415128	10.9772966485806	0.298848931758217	0.765101780699842	0.897195003030268	-7.16962870169991
MIMAT0003266	hsa-miR-598	-0.030659940811022	6.63154747239135	-0.295905277356899	0.767348396154234	0.897195003030268	-7.17050002136205
MIMAT0004748	hsa-miR-423-5p	0.0264581726623661	7.53722833155203	0.290967568166467	0.771121276905451	0.897195003030268	-7.17194221459241
MIMAT0005593	hsa-miR-1238	-0.012764328541734	6.54721593193667	-0.289307451151326	0.772390988128275	0.897195003030268	-7.17242164672201
MIMAT0000243	hsa-miR-148a	-0.0735176069630201	10.5312657984815	-0.289299328815277	0.772397201856885	0.897195003030268	-7.17242398566265
MIMAT0001536	hsa-miR-429	0.0740935119867361	9.75626404336918	0.284618378018275	0.775980629350336	0.89743846698778	-7.17376100859948
MIMAT0000085	hsa-miR-28-5p	0.0436738533532468	8.17223960359992	0.257934442900866	0.796497218814055	0.905558733116217	-7.18096627202276
MIMAT0000456	hsa-miR-186	-0.0300820636726824	8.25920254150225	-0.256665209180181	0.797476740696507	0.905558733116217	-7.18129133800454
MIMAT0004552	hsa-miR-139-3p	-0.0157847901845516	6.66065558065538	-0.25507867381609	0.798701586753027	0.905558733116217	-7.1816954140352
MIMAT0003322	hsa-miR-652	0.0352042312226013	7.60277542714778	0.254613376172702	0.79906090270465	0.905558733116217	-7.18181344597824
MIMAT0004954	hsa-miR-543	-0.00911256992969189	6.33555373718672	-0.239052699012928	0.811101375945062	0.905558733116217	-7.18563661864962
MIMAT0004955	hsa-miR-374b	-0.0320956838774089	7.54956523592563	-0.232373467855641	0.816283536948913	0.905558733116217	-7.18720374518756
MIMAT0000688	hsa-miR-301a	0.0526395754092999	9.21366109282571	0.229912559675209	0.818194904120095	0.905558733116217	-7.18776994638553
MIMAT0000318	hsa-miR-200b	0.0694851813683428	12.445813322887	0.229866218286099	0.81823090751515	0.905558733116217	-7.18778055070396
MIMAT0000073	hsa-miR-19a	-0.043223324106421	9.55705997532388	-0.227128899324867	0.820358254453926	0.905558733116217	-7.18840314045895
MIMAT0000069	hsa-miR-16	-0.0740926845345857	13.0299582471508	-0.2255900853074	0.821554748294651	0.905558733116217	-7.18874986147157
MIMAT0002817	hsa-miR-495	-0.0156788023110321	6.5451523751435	-0.223268901639048	0.823360353694801	0.905558733116217	-7.18926840478364
MIMAT0001413	hsa-miR-20b	-0.0494754625959803	9.4028256075946	-0.215152689055464	0.829681106586822	0.905558733116217	-7.19103937682372
MIMAT0000455	hsa-miR-185	0.0269244765710281	9.2410729244276	0.215147422591727	0.829685211641205	0.905558733116217	-7.19104050468966
MIMAT0003340	hsa-miR-542-5p	-0.030741613634703	7.5082917306537	-0.21081227881492	0.833065898142859	0.905558733116217	-7.19195955494635
MIMAT0005792	hsa-miR-320b	-0.036734631546592	10.7106539681857	-0.206464579474344	0.836459482507907	0.905558733116217	-7.19286247987258
MIMAT0002871	hsa-miR-500a*	-0.0161033496343554	7.26084231500265	-0.205168648777337	0.837471610325524	0.905558733116217	-7.19312797736566
MIMAT0000727	hsa-miR-374a	0.0434304674916133	8.11029793257284	0.193189944671085	0.846839571557765	0.911981077062209	-7.19550291996136
MIMAT0001341	hsa-miR-424	0.0518642026548672	9.06499921879647	0.184102280935175	0.853961149674523	0.915942200860577	-7.19720939733396
MIMAT0004982	hsa-miR-939	-0.0264148145254239	7.54121051518311	-0.173578442648483	0.86222306447688	0.921089699401004	-7.19908284387625
MIMAT0000705	hsa-miR-362-5p	-0.0209077719717694	8.05445162096339	-0.162535693461278	0.870908596413942	0.921670835261948	-7.2009301412446
MIMAT0000442	hsa-miR-9*	0.0325874917010331	6.92532975017834	0.151396792444014	0.879685571185237	0.921670835261948	-7.20267055539837
MIMAT0003258	hsa-miR-590-5p	0.0357991611743662	8.81094834263898	0.15033839077908	0.880520334115719	0.921670835261948	-7.20282950194401
MIMAT0000443	hsa-miR-125a-5p	0.0275865656750911	9.6550575834668	0.150265996086618	0.880577436782506	0.921670835261948	-7.20284033314768
MIMAT0000756	hsa-miR-326	0.0112151660953446	6.63099135154813	0.146524348070877	0.883529571200759	0.921670835261948	-7.2033930307294
MIMAT0003240	hsa-miR-575	0.0311398798324207	7.8141866522653	0.144997969526996	0.884734340878959	0.921670835261948	-7.2036144978103
MIMAT0000434	hsa-miR-142-3p	0.0467163811245497	12.056272822484	0.142101117887274	0.887021555740822	0.921670835261948	-7.20402843399762
MIMAT0004484	hsa-let-7d*	0.00356589100682392	6.28860197314315	0.133698902674932	0.893660804434012	0.921851028604211	-7.20518179148518
MIMAT0004683	hsa-miR-362-3p	-0.0181727019989308	7.53660944088677	-0.133110306516262	0.894126185638671	0.921851028604211	-7.20525995327335
MIMAT0003389	hsa-miR-542-3p	-0.0170871765748686	7.2902874393897	-0.116680618983679	0.907130681955032	0.931647727413276	-7.20730255128697
MIMAT0002805	hsa-miR-489	0.014242301131711	6.62090335367672	0.105621412836355	0.915898586776447	0.93703470800975	-7.20852616800469
MIMAT0000070	hsa-miR-17	-0.013473130350028	9.04023643870974	-0.0792116466674088	0.936876140848384	0.954823959638583	-7.21095570448023
MIMAT0000457	hsa-miR-188-5p	0.00823330512264153	7.20261967141295	0.0703622618970525	0.943915855410181	0.958326784500413	-7.21161449774435
MIMAT0003885	hsa-miR-454	0.00646842885594712	7.53471933370471	0.032677309898471	0.973936798240289	0.985046343467365	-7.21354714721084
MIMAT0000227	hsa-miR-197	-0.00405815059074577	7.87454302870577	-0.0250998036181051	0.979979104338037	0.98740318846181	-7.21376505057303
MIMAT0000063	hsa-let-7b	-0.00207845095953019	15.655796673252	-0.0126239398022039	0.989929705227726	0.993665289021038	-7.21399929396145
MIMAT0000245	hsa-miR-30d	-0.00163643315381101	10.3013098301941	-0.00781852787141429	0.993762947889469	0.993762947889469	-7.21404818688069
