	name	logFC	AveExpr	t	P.Value	adj.P.Val	B
MIMAT0005893	hsa-miR-1305	-0.606704638418007	6.61596807438205	-11.2561869207273	3.81220523912677e-28	1.01023438836859e-25	53.0157516504563
MIMAT0005942	hsa-miR-1288-3p	-0.309151088543233	6.29757442829253	-10.1337225769313	2.6546453978376e-23	3.51740515213482e-21	42.0138567025456
MIMAT0005938	hsa-miR-1274b	-1.36995757858118	12.1719476180422	-8.66180509742136	1.31693057387447e-17	1.16328867358912e-15	29.1053983197744
MIMAT0005954	hsa-miR-720	-1.39332693844207	14.7958438181295	-7.41981406810657	2.07795470518849e-13	1.37664499218737e-11	19.6269240868439
MIMAT0005911	hsa-miR-1260	-1.11509989312813	10.7324391077942	-6.76964565564282	1.92757377463258e-11	1.02161410055527e-09	15.2025780803025
MIMAT0005927	hsa-miR-1274a	-0.932844117617417	9.19264660509002	-5.68321514590321	1.62078609242472e-08	7.15847190820917e-07	8.66032430285668
MIMAT0002820	hsa-miR-497-5p	0.862276934582823	9.14199243797994	4.93513444704616	9.01755109761013e-07	3.41378720123812e-05	4.78880812118926
MIMAT0000265	hsa-miR-204-5p	0.497015231691241	6.56039593940158	4.6841820044564	3.09742415785319e-06	0.000102602175228887	3.60775308087076
MIMAT0007890	hsa-miR-1914-3p	-0.341612576730306	6.8738606482743	-4.56630788749668	5.42110895970821e-06	0.000159621541591409	3.07358162825734
MIMAT0000455	hsa-miR-185-5p	-0.533684926735571	9.2410729244276	-4.14614019005884	3.59423681037985e-05	0.000872549864062063	1.27709018979984
MIMAT0000097	hsa-miR-99a-5p	1.15671041696361	10.8898574639844	4.14436037966219	3.62190509610668e-05	0.000872549864062063	1.26983900634208
MIMAT0000250	hsa-miR-139-5p	0.432515446601178	6.91398843011334	3.84741068553511	0.000125002339168283	0.00276046832329959	0.102584064580307
MIMAT0000691	hsa-miR-130b-3p	-0.573996150453985	9.33069116673244	-3.62602084051618	0.000298644761036601	0.00608775859036147	-0.712435706893759
MIMAT0000098	hsa-miR-100-5p	0.839378423561257	10.2443427703977	3.57746892010846	0.000359332056667752	0.00680164250121102	-0.884846253040897
MIMAT0004795	hsa-miR-574-5p	-0.707109295397596	8.92153185965508	-3.37317014255726	0.000764345957688174	0.0135034452524911	-1.5853192855397
MIMAT0003393	hsa-miR-425-5p	-0.611862833958845	10.0932889547208	-3.31320063396349	0.000947028222410772	0.0156851549336784	-1.78325160608135
MIMAT0000680	hsa-miR-106b-5p	-0.447544687508685	12.0329615937146	-3.28938690678053	0.00103021092929412	0.0160591703684084	-1.86088127727227
MIMAT0002816	hsa-miR-494-3p	-1.23944195844999	10.2815385601509	-3.27157219092629	0.00109681037306243	0.0161474860478635	-1.91859470265232
MIMAT0000063	hsa-let-7b-5p	0.542125103727084	15.655796673252	3.20112058720139	0.00140116075461358	0.0195425052617157	-2.14381075777306
MIMAT0000271	hsa-miR-214-3p	0.727703008695278	10.9652279189335	3.10642071196888	0.00193354293803311	0.0248424233072871	-2.43893422150177
MIMAT0000064	hsa-let-7c-5p	0.518310000202938	13.7236734934904	3.10105847043857	0.00196864486586049	0.0248424233072871	-2.45538392699212
MIMAT0000423	hsa-miR-125b-5p	0.684240131677246	13.1064988342717	3.05726223355636	0.00227802903795665	0.0274398952299323	-2.58868840095264
MIMAT0004603	hsa-miR-125b-2-3p	0.330081578148715	7.07593847346222	3.0080016612657	0.00267888981506548	0.0300255011954166	-2.73639061326771
MIMAT0002817	hsa-miR-495-3p	0.216362983506595	6.5451523751435	2.99545901015461	0.00279078157541044	0.0300255011954166	-2.77362031423869
MIMAT0000275	hsa-miR-218-5p	0.504694317675159	7.58006987959222	2.99088971717388	0.00283259445239779	0.0300255011954166	-2.78714496970231
MIMAT0004606	hsa-miR-136-3p	0.257966341400104	6.7402146487628	2.96494943495038	0.00308101678558208	0.0314026710838173	-2.86353951633892
MIMAT0004601	hsa-miR-145-3p	0.345192033041551	7.20550701363067	2.93879694567631	0.00335145790523756	0.03187631252223	-2.93989417737385
MIMAT0004594	hsa-miR-132-5p	0.237551711472175	6.79813084509802	2.92939539155981	0.00345385053733242	0.03187631252223	-2.96717973479703
MIMAT0000736	hsa-miR-381-3p	0.398985080727921	7.31832500015925	2.92628474679641	0.003488351181678	0.03187631252223	-2.97618856733787
MIMAT0000452	hsa-miR-154-5p	0.267610823927396	6.90643359399887	2.86481656381615	0.00423777834172195	0.0363635653811033	-3.15226978333245
MIMAT0000435	hsa-miR-143-3p	0.573194652879182	8.59798720169983	2.86361006264686	0.00425385104458189	0.0363635653811033	-3.1556889754239
MIMAT0000437	hsa-miR-145-5p	0.634318532586618	10.2580164291603	2.80842529828551	0.00505089049433132	0.0418276869061812	-3.31056010483324
MIMAT0003329	hsa-miR-411-5p	0.14830440192417	6.38484664699595	2.7884749988598	0.00537078110851627	0.0431289998108124	-3.36581595812007
MIMAT0004954	hsa-miR-543	0.108484981553996	6.33555373718672	2.76826652369681	0.00571337488654556	0.0445307160274874	-3.42138992686339
MIMAT0000231	hsa-miR-199a-5p	0.610157009168811	8.71913621645981	2.75120532850167	0.00601784137361803	0.0455636561145365	-3.4679976813206
MIMAT0000263	hsa-miR-199b-5p	0.749800001942672	8.59660498842729	2.71314229562638	0.00675045703861865	0.0494907341432601	-3.57095138994587
MIMAT0000461	hsa-miR-195-5p	0.787724380038462	10.5001226122382	2.70534800968318	0.0069100270313231	0.0494907341432601	-3.59185857522588
MIMAT0000232	hsa-miR-199a-3p	0.916495358555196	12.8571509894966	2.69284403050358	0.00717311262182829	0.050023022231171	-3.62527464217119
MIMAT0000729	hsa-miR-376a-3p	0.482132388832713	8.1577699570218	2.61729778317193	0.00896295166395322	0.060902107460195	-3.82390879622321
MIMAT0004494	hsa-miR-21-3p	-0.586016173697861	9.18615427838094	-2.59495776870679	0.00956382909789506	0.0633603677735548	-3.88157590403411
MIMAT0000426	hsa-miR-132-3p	0.259606786984964	7.5440780900559	2.55185188933453	0.0108257218928188	0.0688694894896865	-3.99146348721942
MIMAT0000418	hsa-miR-23b-3p	0.460281270068942	10.2755440663281	2.54896940583183	0.0109151643719503	0.0688694894896865	-3.99874663959126
MIMAT0004689	hsa-miR-377-5p	0.10990539774815	6.3461841781366	2.54020215050349	0.011191263778434	0.068969416308954	-4.02084870430518
MIMAT0002174	hsa-miR-484	-0.17714313317671	6.84400097009222	-2.53009763811874	0.0115171646924638	0.0693647418977935	-4.04622841580394
MIMAT0000269	hsa-miR-212-3p	0.1451685184299	6.53585405884525	2.51895227470347	0.0118863913941619	0.0699976382100645	-4.07410625170224
MIMAT0003233	hsa-miR-551b-3p	0.493508955755321	7.7504669509238	2.49643813608867	0.0126644418902419	0.0729581978459589	-4.13004886459346
MIMAT0005939	hsa-miR-1281	-0.105656053573344	6.45103264599343	-2.48477246798631	0.0130850745206228	0.0737775478290436	-4.15883974813538
MIMAT0002175	hsa-miR-485-5p	0.093847229640601	6.32605041877972	2.47519311243636	0.0134396809422213	0.0741982385351801	-4.18238170729926
MIMAT0004552	hsa-miR-139-3p	0.155954927775187	6.66065558065538	2.45005754374022	0.0144108760238767	0.0772209005698012	-4.24372577294013
MIMAT0000254	hsa-miR-10b-5p	0.733064176197098	10.1220998256795	2.43924005459224	0.0148475741601716	0.0772209005698012	-4.26993517875244
MIMAT0000093	hsa-miR-93-5p	-0.320939387434256	10.6020256304016	-2.43890264869263	0.0148613808643768	0.0772209005698012	-4.27075082205826
MIMAT0005898	hsa-miR-1246	-0.814939926111289	10.1454222460779	-2.42381668802132	0.0154903891014487	0.0789414059977672	-4.30710526348642
MIMAT0002872	hsa-miR-501-5p	-0.116955141135303	6.40309463342499	-2.38516917182398	0.0172099753247156	0.0860498766235778	-4.39921860712376
MIMAT0000730	hsa-miR-377-3p	0.443800607169347	8.1487014875307	2.34961943488924	0.0189374919927578	0.0929339884829782	-4.48265241258071
MIMAT0000720	hsa-miR-376c-3p	0.446208170150759	8.29822626537767	2.3347750813176	0.019702632774862	0.0949308670061531	-4.51712378015461
MIMAT0000432	hsa-miR-141-3p	-0.647330112902193	11.4645018263596	-2.32372659780397	0.0202895323573792	0.0960129656197411	-4.54263976722053
MIMAT0000425	hsa-miR-130a-3p	0.457631169603418	10.6874998320972	2.30033532830398	0.0215826742199755	0.100340502952517	-4.59626471103412
MIMAT0000688	hsa-miR-301a-3p	-0.532982783085144	9.21366109282571	-2.26318058601171	0.0237844358694766	0.105169740796912	-4.68033613920655
MIMAT0004599	hsa-miR-143-5p	0.146038984139238	6.67403639881198	2.26117202976313	0.0239088292147118	0.105169740796912	-4.68484227332901
MIMAT0000074	hsa-miR-19b-3p	-0.364536044054825	10.440626955416	-2.2611285394266	0.0239115288824406	0.105169740796912	-4.68493979864664
MIMAT0002171	hsa-miR-410-3p	0.212759593476788	6.81356721052664	2.24589822305072	0.0248733791269234	0.105169740796912	-4.7189786930132
MIMAT0002173	hsa-miR-483-3p	0.162103584401645	6.39625003129998	2.2452514891336	0.0249149548058554	0.105169740796912	-4.72041905349129
MIMAT0004695	hsa-miR-337-5p	0.234210581764155	6.90647617376736	2.24389090323687	0.0250026176234169	0.105169740796912	-4.72344791097421
MIMAT0000076	hsa-miR-21-5p	-0.476952555090492	15.532772604056	-2.19702750278979	0.0281896564314457	0.116722796161455	-4.8266600903681
MIMAT0000267	hsa-miR-210-3p	-0.619493865496362	9.87736350577873	-2.16462804968591	0.030592774566646	0.124724388617864	-4.89675238429607
MIMAT0000733	hsa-miR-379-5p	0.303030720854683	7.34982548576026	2.1576827253189	0.0311302503324829	0.124992671789515	-4.91164317088749
MIMAT0003180	hsa-miR-487b-3p	0.215147030406392	6.88110357532765	2.13986995846359	0.0325459436022223	0.128726493352073	-4.94961653359399
MIMAT0000752	hsa-miR-328-3p	0.0750334977770031	6.3324185562376	2.13129350371662	0.0332470310571908	0.129143657192489	-4.96778837267111
MIMAT0000446	hsa-miR-127-3p	0.395947495378025	8.06712642041624	2.1267208635738	0.0336260843255915	0.129143657192489	-4.97744728377829
MIMAT0000755	hsa-miR-323-3p	0.0640184738735359	6.27814693286403	2.08614427223179	0.0371548080981813	0.140657487800258	-5.06225554117839
MIMAT0002890	hsa-miR-299-5p	0.258891477483275	6.89952607985826	2.06392544007977	0.039217469831221	0.14482958794574	-5.10800695157053
MIMAT0005796	hsa-miR-1271-5p	0.154494646180924	6.80336163773183	2.06253288872777	0.0393499257814841	0.14482958794574	-5.11085818319279
MIMAT0004814	hsa-miR-654-3p	0.238973254494264	7.03311715508387	2.02792827656666	0.0427656401359467	0.155245132000354	-5.18109649437223
MIMAT0003340	hsa-miR-542-5p	0.299943745902897	7.5082917306537	1.99981978671352	0.045721841197728	0.163733620505377	-5.23728003418739
MIMAT0000617	hsa-miR-200c-3p	-0.463982528893236	9.22190706392988	-1.95970533113173	0.0502378453163659	0.177507053451159	-5.3161111362541
MIMAT0000728	hsa-miR-375	-0.777833933726355	9.39727855797665	-1.92365353751624	0.0546102527270457	0.190417328587725	-5.38560343361939
MIMAT0000765	hsa-miR-335-5p	0.355134886662394	7.28605394177559	1.91528730764432	0.0556691283565042	0.191588558629528	-5.40154648759547
MIMAT0000760	hsa-miR-331-3p	-0.261757713820192	9.94439368728422	-1.90264356726788	0.0573018447655469	0.192762816913089	-5.42550980992075
MIMAT0000415	hsa-let-7i-5p	0.295496196636204	13.1517748083683	1.90139557032051	0.0574651416457888	0.192762816913089	-5.42786654374774
MIMAT0000687	hsa-miR-299-3p	0.121367966167614	6.5339871333555	1.89156780856662	0.0587646598899216	0.194111614206808	-5.44637167420663
MIMAT0000419	hsa-miR-27b-3p	0.359208730692067	10.1185992020228	1.88733210848695	0.0593322292481186	0.194111614206808	-5.45431784971378
MIMAT0004697	hsa-miR-151-5p	0.355592597821945	8.86662054110067	1.83601130874275	0.0665780515535169	0.215160776361975	-5.5491876118069
MIMAT0000086	hsa-miR-29a-3p	0.258382519727014	13.6881460687235	1.81747069317828	0.069368940466927	0.219394461361827	-5.58282130763427
MIMAT0000257	hsa-miR-181b-5p	-0.349508714929945	8.99101763739321	-1.81632893933886	0.0695439047335601	0.219394461361827	-5.58488140924446
MIMAT0000084	hsa-miR-27a-3p	0.295155596874432	13.3385305927263	1.79613178612696	0.0726993712512763	0.226650980959861	-5.62111080102926
MIMAT0001341	hsa-miR-424-5p	0.518067569206845	9.06499921879647	1.78813863052055	0.0739801460660821	0.227962077994323	-5.63533747378782
MIMAT0001536	hsa-miR-429	-0.476944259681294	9.75626404336918	-1.78122206109425	0.0751032636944789	0.228762814701574	-5.64759701379921
MIMAT0000253	hsa-miR-10a-5p	0.612250727887691	8.86232304570021	1.73951696090386	0.0821741234673566	0.247456167259653	-5.72051655922886
MIMAT0002809	hsa-miR-146b-5p	0.410558873714247	9.51151444133451	1.69080290677529	0.0911076496421213	0.271275586013058	-5.80351329417557
MIMAT0004597	hsa-miR-140-3p	0.253226379246992	9.45334725247513	1.6834720914794	0.0925173056200637	0.272412066547965	-5.81580001906552
MIMAT0000447	hsa-miR-134-5p	0.184649979148672	7.20023367077863	1.66998361390162	0.0951568036465081	0.277104977651919	-5.83826832332937
MIMAT0003389	hsa-miR-542-3p	0.250341576114027	7.2902874393897	1.6618265696999	0.0967820998158611	0.278774526643513	-5.85176850640603
MIMAT0000243	hsa-miR-148a-3p	-0.431995870309588	10.5312657984815	-1.65305197867367	0.098555179448416	0.280829274772368	-5.8662172560982
MIMAT0000442	hsa-miR-9-3p	0.35834687240143	6.92532975017834	1.61850216272496	0.105790402879192	0.298238901733892	-5.92236842226796
MIMAT0005865	hsa-miR-1202	0.543932072546898	11.3493522654879	1.56490627351703	0.117841653440381	0.3287161911758	-6.0071358523381
MIMAT0001080	hsa-miR-196b-5p	0.298358189496149	7.84118490597343	1.55347223410739	0.120547146453853	0.332760352190325	-6.02485191946289
MIMAT0003239	hsa-miR-574-3p	-0.233748379227234	7.94395535122137	-1.5389351886536	0.124056863400128	0.338918235062207	-6.04718891733295
MIMAT0000759	hsa-miR-148b-3p	-0.203156568191995	9.33468232557499	-1.51013605909279	0.131245119554461	0.351446322868722	-6.09082246549656
MIMAT0003299	hsa-miR-630	-0.193217132614719	6.820802634213	-1.50834017094078	0.131703864722936	0.351446322868722	-6.09351620654232
MIMAT0001638	hsa-miR-409-5p	0.092731497155782	6.49093908906363	1.49996582060819	0.133859469607527	0.351446322868722	-6.10603512827701
MIMAT0000686	hsa-miR-34c-5p	0.238386708117322	7.28487812776231	1.49962618652388	0.133947466451853	0.351446322868722	-6.10654138583528
MIMAT0000078	hsa-miR-23a-3p	0.25757080201606	13.5172450164454	1.48694920960361	0.137264128292605	0.356617588211179	-6.12535592509374
MIMAT0005593	hsa-miR-1238-3p	-0.0668303037272162	6.54721593193667	-1.47259215445467	0.141096523661928	0.363015327868068	-6.14647171299458
MIMAT0000065	hsa-let-7d-5p	0.334525116745743	9.88859248787746	1.45385108900926	0.146222406902383	0.367488813499287	-6.17372806720991
MIMAT0004571	hsa-miR-200b-5p	-0.229921261205915	7.53225024055187	-1.44875963230133	0.147639325831085	0.367488813499287	-6.18107279300303
MIMAT0003163	hsa-miR-539-5p	0.0939751415083219	6.5670598982749	1.44508524703	0.148668392416431	0.367488813499287	-6.18635735283854
MIMAT0000457	hsa-miR-188-5p	-0.173149404474819	7.20261967141295	-1.43819984372011	0.150611504809176	0.367488813499287	-6.19622402782696
MIMAT0000062	hsa-let-7a-5p	0.427911145347833	13.5410716630305	1.43705524878868	0.150936388360743	0.367488813499287	-6.19785966068557
MIMAT0000261	hsa-miR-183-5p	-0.403006429582487	9.83843053965925	-1.43628338813998	0.151155776118575	0.367488813499287	-6.19896192116964
MIMAT0000318	hsa-miR-200b-3p	-0.444978434258686	12.445813322887	-1.43140391222078	0.152548314018995	0.367502756500306	-6.20591642485
MIMAT0002805	hsa-miR-489-3p	0.195032205184251	6.62090335367672	1.40611345035583	0.159922919856808	0.376354289065068	-6.24158374203739
MIMAT0003330	hsa-miR-654-5p	0.0418454500340513	6.32132718308172	1.40266193136663	0.160949952467412	0.376354289065068	-6.24640228480867
MIMAT0002814	hsa-miR-432-5p	0.0985254409387926	6.61372690285779	1.39948907860882	0.161898458660028	0.376354289065068	-6.25082137562655
MIMAT0004595	hsa-miR-135a-3p	-0.145622689093521	7.02411130319148	-1.39947273786728	0.161903354541199	0.376354289065068	-6.25084410888356
MIMAT0000737	hsa-miR-382-5p	0.124140722687255	6.77907204052414	1.38906617383393	0.165044063022889	0.37732894280991	-6.26526797693461
MIMAT0004614	hsa-miR-193a-5p	-0.219517211455065	8.40770281656061	-1.38865068254408	0.165170405154527	0.37732894280991	-6.26584163418981
MIMAT0000244	hsa-miR-30c-5p	0.250126083929246	10.0878566470866	1.38095150960258	0.167524767744215	0.379436439762538	-6.27644070339944
MIMAT0000646	hsa-miR-155-5p	-0.338290056984155	8.98041766004179	-1.36134998780086	0.173632608847998	0.389937638514572	-6.30315990615376
MIMAT0003266	hsa-miR-598-3p	0.143490783685848	6.63154747239135	1.3463703804437	0.178411425894788	0.397302755143856	-6.32332211601236
MIMAT0001412	hsa-miR-18b-5p	-0.177239364383131	7.27921257068748	-1.33954979872141	0.180619521897468	0.39886811085691	-6.33242875274328
MIMAT0004682	hsa-miR-361-3p	-0.166621381880792	8.43673593373022	-1.33113368465433	0.183372080487477	0.399469736469814	-6.34360212279003
MIMAT0004761	hsa-miR-483-5p	0.259758183857463	7.72999367888036	1.32950957328826	0.183906822072896	0.399469736469814	-6.34575023504926
MIMAT0004911	hsa-miR-874-3p	-0.108831243382172	7.37411785321337	-1.30965931447822	0.190536226054453	0.408629586181489	-6.37179360184205
MIMAT0000416	hsa-miR-1-3p	0.187326496934338	6.65446276752192	1.30693971722953	0.191458041148679	0.408629586181489	-6.37533125497276
MIMAT0003228	hsa-miR-564	-0.0485083249334259	6.35035215452142	-1.3031448523722	0.192749804802589	0.408629586181489	-6.38025535819903
MIMAT0002176	hsa-miR-485-3p	0.0450912960411634	6.31538363188309	1.29312149965473	0.196192545600228	0.412627179238575	-6.39319267980904
MIMAT0000770	hsa-miR-133b	0.136886759739643	6.54189857959554	1.28686857537382	0.198362972048371	0.413906988919829	-6.40121297214784
MIMAT0000072	hsa-miR-18a-5p	-0.189564820191786	7.45140591401652	-1.27680778491731	0.201891940881442	0.417979408856111	-6.41403601624848
MIMAT0000445	hsa-miR-126-3p	0.326816342873581	9.45992193090394	1.25484296187933	0.209755188812631	0.426916547782781	-6.44168254531101
MIMAT0000682	hsa-miR-200a-3p	-0.380924260350454	10.9512351352541	-1.25466520329757	0.209819718064205	0.426916547782781	-6.44190433300636
MIMAT0000434	hsa-miR-142-3p	-0.423129397546762	12.056272822484	-1.25130628662043	0.211041765130356	0.426916547782781	-6.44608932914052
MIMAT0002821	hsa-miR-181d-5p	-0.17039180621631	7.4620544211287	-1.22263124184361	0.221684597149737	0.44504862306576	-6.48136095554724
MIMAT0000082	hsa-miR-26a-5p	0.200908738414697	10.9656831471212	1.18170086818591	0.237534661447469	0.473283347996836	-6.53029379866911
MIMAT0004484	hsa-let-7d-3p	0.0318886577937905	6.28860197314315	1.16241523055036	0.24527439348063	0.483509334727333	-6.55277382618191
MIMAT0000073	hsa-miR-19a-3p	-0.226493103703163	9.55705997532388	-1.15710927146572	0.247434512865804	0.483509334727333	-6.55889389019844
MIMAT0000424	hsa-miR-128-3p	-0.189027015494072	7.96292515692101	-1.15538183980504	0.248140639709122	0.483509334727333	-6.56088033595834
MIMAT0000088	hsa-miR-30a-3p	0.300059975691817	9.32314484111859	1.11579941849448	0.264708609096687	0.510628585230679	-6.60558627676726
MIMAT0000067	hsa-let-7f-5p	0.394925921162628	11.1260355808756	1.11299151120773	0.265912244384278	0.510628585230679	-6.60869855828137
MIMAT0004557	hsa-miR-34a-3p	-0.0718377557288514	6.62778042865753	-1.0463249255322	0.295600262301467	0.563554456905675	-6.68029242127139
MIMAT0000761	hsa-miR-324-5p	0.133348343472131	8.34633377502605	1.03519246994294	0.300766329447249	0.56930769502515	-6.69181765082196
MIMAT0000703	hsa-miR-361-5p	0.124020780455885	10.1958665400847	1.02896298788971	0.303683273178212	0.570752251008696	-6.69821321395011
MIMAT0000099	hsa-miR-101-3p	0.178441620280598	9.0218396216369	1.00044176400745	0.317277888694783	0.592103102141673	-6.7270026279775
MIMAT0000433	hsa-miR-142-5p	-0.252389240278426	8.54320680982189	-0.993548427770212	0.320622632483485	0.59416082243443	-6.73383954274815
MIMAT0000681	hsa-miR-29c-3p	-0.18076801408441	13.0393530337512	-0.988550082866595	0.32306227640148	0.594524328099947	-6.73876745540966
MIMAT0000757	hsa-miR-151-3p	-0.161109617977015	9.47273334661121	-0.956568336984294	0.338958195536567	0.619475322877174	-6.76971110484098
MIMAT0000459	hsa-miR-193a-3p	-0.136606537779905	8.10366219402621	-0.922323801822611	0.356526193839822	0.642819651833057	-6.80171752479898
MIMAT0005792	hsa-miR-320b	0.168309098108139	10.7106539681857	0.919772887535869	0.357857453488149	0.642819651833057	-6.80405508892019
MIMAT0001639	hsa-miR-409-3p	0.0882136774119084	6.99087960486872	0.916608377487251	0.35951327999956	0.642819651833057	-6.8069459438133
MIMAT0000104	hsa-miR-107	0.143027343081544	10.2169794343849	0.912948233737445	0.361434445747643	0.642819651833057	-6.81027716136943
MIMAT0000431	hsa-miR-140-5p	0.163384790550628	10.1542142415968	0.898195537457279	0.369243115352365	0.652329503789178	-6.82356911400496
MIMAT0000066	hsa-let-7e-5p	0.235264625239454	12.0959598577199	0.884947843278631	0.376343964490005	0.66047119595928	-6.83532077445827
MIMAT0000252	hsa-miR-7-5p	-0.26407659659287	8.03500665408306	-0.872994623904998	0.382822848529716	0.663123792447061	-6.84577446186504
MIMAT0004694	hsa-miR-342-5p	-0.18115890033639	9.08578630529948	-0.872926162676941	0.382860151865662	0.663123792447061	-6.84583392566144
MIMAT0004767	hsa-miR-193b-5p	-0.0647026666593247	6.81545285463846	-0.866470396306909	0.386387799991664	0.664888097388253	-6.85142032112051
MIMAT0003885	hsa-miR-454-3p	-0.174267001020834	7.53471933370471	-0.855906702253295	0.39220283021764	0.670540322630159	-6.86047210392738
MIMAT0004493	hsa-miR-20a-3p	0.111381216305992	7.18403800742869	0.84356693719843	0.399062421511393	0.677894498080251	-6.87090530999674
MIMAT0004951	hsa-miR-887-3p	-0.101052804447053	6.77188976532808	-0.823630489904351	0.410296513346925	0.692538700872199	-6.88744167737337
MIMAT0000279	hsa-miR-222-3p	-0.202067823647702	8.12300310393357	-0.808973298111813	0.41867451227741	0.702207251604517	-6.89934713834207
MIMAT0002819	hsa-miR-193b-3p	-0.143835985325134	10.550969472606	-0.791878854045436	0.428571860399059	0.714286433998432	-6.91296250136715
MIMAT0000096	hsa-miR-98-5p	0.212625004643233	8.66125845292179	0.781699220177152	0.434529834887822	0.714754728891435	-6.92093235886889
MIMAT0002177	hsa-miR-486-5p	0.16133731160465	7.23198935840113	0.781640046354062	0.43456460778886	0.714754728891435	-6.92097838617937
MIMAT0000077	hsa-miR-22-3p	-0.133249648637326	14.0780935608503	-0.777596780600767	0.436944400303443	0.714754728891435	-6.92411512348157
MIMAT0000693	hsa-miR-30e-3p	0.12600699848847	8.52895611572961	0.769298162882567	0.441852280048442	0.718348798851762	-6.93050222003931
MIMAT0000443	hsa-miR-125a-5p	-0.14357515163849	9.6550575834668	-0.76052534639969	0.447074790918641	0.722407436545365	-6.93717983794713
MIMAT0000070	hsa-miR-17-5p	-0.129944148012402	9.04023643870974	-0.742838318924326	0.457710136223642	0.735110218783424	-6.95041004444966
MIMAT0000068	hsa-miR-15a-5p	0.148504160901291	12.0022516694046	0.704259608444362	0.481393823495346	0.762438400327932	-6.97818841764082
MIMAT0000753	hsa-miR-342-3p	-0.181353344740273	10.5843685375917	-0.694828719309479	0.487283439234668	0.762438400327932	-6.98475395417915
MIMAT0000083	hsa-miR-26b-5p	0.257247932284188	10.1802619015713	0.693590761381175	0.488059429184482	0.762438400327932	-6.98560922069373
MIMAT0000414	hsa-let-7g-5p	0.192381317984283	10.9772966485806	0.692790820617158	0.488561211262878	0.762438400327932	-6.98616106422405
MIMAT0000226	hsa-miR-196a-5p	0.330274141367332	9.34717280747013	0.691019938111081	0.48967302953015	0.762438400327932	-6.98738045351988
MIMAT0000705	hsa-miR-362-5p	-0.0903909805041465	8.05445162096339	-0.683288163407787	0.494543221649891	0.762438400327932	-6.99266784370138
MIMAT0002813	hsa-miR-493-5p	0.0628805445959255	6.60008497912142	0.682777684555305	0.494865678703412	0.762438400327932	-6.9930148435628
MIMAT0000095	hsa-miR-96-5p	-0.219624999088659	10.1915656210906	-0.676723770000453	0.49869835138762	0.763902098946355	-6.99711025306177
MIMAT0000420	hsa-miR-30b-5p	0.126431563906506	9.63626091962465	0.665741277919058	0.505691382133741	0.770162162445065	-7.0044467545029
MIMAT0006764	hsa-miR-320d	0.108587938127881	11.3300243856798	0.656330312934926	0.511724615407013	0.774897274759191	-7.01063800948875
MIMAT0000087	hsa-miR-30a-5p	0.216387876787691	10.7292413104764	0.651061642517074	0.515118631862325	0.775604758201797	-7.01406568385851
MIMAT0000451	hsa-miR-150-5p	-0.237510696509663	10.8769017076457	-0.621750474414336	0.534212012602642	0.788161417904553	-7.03263078676048
MIMAT0003237	hsa-miR-572	0.0932291064628537	7.49901688138355	0.621520407246836	0.534363281784751	0.788161417904553	-7.0327731266027
MIMAT0004784	hsa-miR-455-3p	0.137936659659665	8.65133714586486	0.621412855269565	0.534434004642512	0.788161417904553	-7.03283964968293
MIMAT0003879	hsa-miR-758-3p	0.0534304727893682	6.66844267622382	0.620013018248419	0.535354925369131	0.788161417904553	-7.03370442784502
MIMAT0004587	hsa-miR-23b-5p	0.0375476221440945	6.55032875169836	0.597849021842031	0.550041978775135	0.798093056948257	-7.04713694188647
MIMAT0002874	hsa-miR-503-5p	0.0838962498599098	7.21820971872286	0.597172549117946	0.550493351926476	0.798093056948257	-7.04753923417977
MIMAT0000101	hsa-miR-103a-3p	-0.081596067448201	12.7340265366448	-0.596209943964981	0.551135960081249	0.798093056948257	-7.04811090212668
MIMAT0005929	hsa-miR-1275	-0.126625035811697	8.23276729480924	-0.590811453564182	0.554746668844194	0.798955800237562	-7.05129985508522
MIMAT0000094	hsa-miR-95-3p	-0.0931990187237863	7.06879298200959	-0.58151814748465	0.560989367207701	0.803579363838058	-7.05672161184077
MIMAT0005949	hsa-miR-664	-0.0326907907109053	6.61750516550978	-0.569833293069042	0.568886553745862	0.81051041259491	-7.06341668377873
MIMAT0000092	hsa-miR-92a-3p	0.100660561352584	8.92249333348097	0.554738561061414	0.579166330716215	0.82056609210513	-7.07186444479149
MIMAT0000460	hsa-miR-194-5p	-0.0652332130949951	7.38479692353754	-0.550399395286995	0.582137454021753	0.82056609210513	-7.07425091103237
MIMAT0004673	hsa-miR-29c-5p	0.0907779972552749	8.82467773982981	0.544412185397879	0.586248691878535	0.821988906602178	-7.07751301859469
MIMAT0000278	hsa-miR-221-3p	-0.0960355105223911	8.05856675243203	-0.533072698281181	0.59407189668067	0.828573961159882	-7.08359355754824
MIMAT0000436	hsa-miR-144-3p	-0.141158508878829	7.69038560513332	-0.518519089844917	0.604181990859123	0.838262971610825	-7.09121013466954
MIMAT0000707	hsa-miR-363-3p	0.143339088535859	7.95803591891584	0.49510035336352	0.62061068069298	0.856572033248124	-7.10302385648544
MIMAT0005948	hsa-miR-664*	0.0555851202126547	7.06899456031961	0.464978190168037	0.642022831540528	0.877207351628722	-7.11741680820084
MIMAT0004748	hsa-miR-423-5p	-0.0434742659298708	7.53722833155203	-0.464755901985831	0.642181985720649	0.877207351628722	-7.11751966590692
MIMAT0002876	hsa-miR-505-3p	-0.0435557542412592	7.26412847909334	-0.456937553025964	0.647790198460589	0.879775073299109	-7.12110611333412
MIMAT0001631	hsa-miR-451	0.208304648381064	11.9419992465271	0.452889873564769	0.650701563647643	0.879775073299109	-7.12293897560198
MIMAT0000281	hsa-miR-224-5p	0.120205677547164	7.30884325661238	0.442534244084098	0.658174273893738	0.883049551762699	-7.12755397979444
MIMAT0000075	hsa-miR-20a-5p	-0.116771548628292	11.50217508876	-0.440304258159767	0.659787966977412	0.883049551762699	-7.12853381272678
MIMAT0005901	hsa-miR-1249-3p	0.052705549273516	7.19528997522011	0.43087594448377	0.666628065902652	0.884194246605431	-7.13262182629455
MIMAT0004774	hsa-miR-501-3p	0.0296684276325374	6.75151145074928	0.427539072461532	0.669055616863952	0.884194246605431	-7.13404746334781
MIMAT0000266	hsa-miR-205-5p	0.183542071822391	9.99228422755015	0.423308635618148	0.672138212244656	0.884194246605431	-7.13583893616215
MIMAT0003240	hsa-miR-575	-0.0929565067586449	7.8141866522653	-0.420771536956728	0.673989576657725	0.884194246605431	-7.13690478389474
MIMAT0004514	hsa-miR-29b-1-5p	0.0409036025787568	6.95170329349452	0.410661911186834	0.681386297604857	0.8858077328505	-7.14108827071065
MIMAT0004945	hsa-miR-744-5p	-0.0352827522180243	6.67369922309879	-0.408923915084614	0.682661024010982	0.8858077328505	-7.14179722898541
MIMAT0004955	hsa-miR-374b-5p	-0.0562886964198777	7.54956523592563	-0.396194626686762	0.692024707177828	0.8858077328505	-7.14689808776144
MIMAT0000069	hsa-miR-16-5p	-0.133176431964642	13.0299582471508	-0.394235213839568	0.693470293497032	0.8858077328505	-7.14766893895764
MIMAT0003221	hsa-miR-557	0.0295312828319911	6.65056187023893	0.39301634408206	0.694370097247353	0.8858077328505	-7.14814652597425
MIMAT0003150	hsa-miR-455-5p	0.0461058137644343	6.99736413641923	0.385864182058748	0.699658679188138	0.8858077328505	-7.15091914971755
MIMAT0000417	hsa-miR-15b-5p	0.0548983330042336	12.8876203000871	0.381003333660174	0.703261337619755	0.8858077328505	-7.15277446056917
MIMAT0004602	hsa-miR-125a-3p	-0.0585740307983205	7.32495176236841	-0.379321355250261	0.704509509915752	0.8858077328505	-7.15341096963568
MIMAT0000710	hsa-miR-365a-3p	-0.0766639191612954	9.5464761515344	-0.378251949305981	0.705303515590398	0.8858077328505	-7.15381419949286
MIMAT0000222	hsa-miR-192-5p	-0.0763843569873277	8.24147971745256	-0.352743111908616	0.724336664837632	0.896395235172727	-7.16309517682002
MIMAT0004600	hsa-miR-144-5p	-0.0516152915840928	6.59532349787693	-0.351205302425104	0.725489695766236	0.896395235172727	-7.16363398625955
MIMAT0001618	hsa-miR-191-3p	0.0154165907564954	6.47796316860379	0.345256948999645	0.729955546073098	0.896395235172727	-7.16569597849809
MIMAT0003326	hsa-miR-663	-0.0733024778947016	8.12790085093705	-0.344946200143308	0.730189100970288	0.896395235172727	-7.16580273144353
MIMAT0000100	hsa-miR-29b-3p	-0.0860541016843355	9.52299598677184	-0.344337476858169	0.730646682253996	0.896395235172727	-7.16601157034671
MIMAT0000685	hsa-miR-34b-5p	0.0528091944624718	8.42260031913985	0.333659606014725	0.738688782541777	0.90208537960171	-7.16961492687
MIMAT0000085	hsa-miR-28-5p	0.0555196574216987	8.17223960359992	0.318783257474254	0.749940693932001	0.903997636431932	-7.17444591914798
MIMAT0004558	hsa-miR-181a-2-3p	-0.0265585960847856	6.82144757378392	-0.318409227379637	0.750224295404205	0.903997636431932	-7.1745645441762
MIMAT0003322	hsa-miR-652-3p	0.0449966126058321	7.60277542714778	0.316388294599238	0.751757214473903	0.903997636431932	-7.17520308177839
MIMAT0003258	hsa-miR-590-5p	-0.0768016578912016	8.81094834263898	-0.313565615334014	0.753899915665875	0.903997636431932	-7.17608813664548
MIMAT0003338	hsa-miR-660-5p	0.05712296432558	8.71998136943971	0.297664588448466	0.766005442233597	0.914375865729294	-7.18092575654723
MIMAT0004589	hsa-miR-30b-3p	-0.0237290011962248	6.97084269495256	-0.28885316641704	0.772738546291763	0.918276747835503	-7.18349811425917
MIMAT0003886	hsa-miR-769-5p	-0.0315752649061638	7.77661537530124	-0.283413349507777	0.776903896413508	0.919105056024909	-7.18504760207671
MIMAT0000510	hsa-miR-320a	0.0415817030022803	9.32015719013712	0.257223917010972	0.797045522551298	0.938742504338195	-7.19209518890706
MIMAT0000080	hsa-miR-24-3p	0.0297058735707445	12.105776213781	0.249066450637165	0.803347655525381	0.941978445638167	-7.19415092004105
MIMAT0003888	hsa-miR-766-3p	-0.0134702532765036	6.94277049074231	-0.231102971528945	0.817270185156013	0.951022012061199	-7.19844429078942
MIMAT0000763	hsa-miR-338-3p	-0.0680431910488615	8.81317161976935	-0.226888223142755	0.820545362958337	0.951022012061199	-7.19940511501654
MIMAT0005793	hsa-miR-320c	0.0347456711844814	10.8629951141408	0.225240570689123	0.821826568913263	0.951022012061199	-7.19977591813365
MIMAT0000689	hsa-miR-99b-5p	-0.0386364088258047	8.3508993901292	-0.205498006597319	0.837214354759984	0.961323352296288	-7.20400878332545
MIMAT0004776	hsa-miR-505-5p	0.0175872867954512	6.76152577198774	0.204513032447219	0.837983752379028	0.961323352296288	-7.2042098031776
MIMAT0000255	hsa-miR-34a-5p	0.027794743227691	12.9568434925094	0.184822975307414	0.853395931978753	0.965763629939944	-7.20802565438968
MIMAT0003308	hsa-miR-638	0.0444350072839832	10.0187563983726	0.184321793246298	0.853788985178771	0.965763629939944	-7.20811774458683
MIMAT0000727	hsa-miR-374a-5p	0.0426051901147195	8.11029793257284	0.18424787793594	0.853846956510326	0.965763629939944	-7.20813130507111
MIMAT0000258	hsa-miR-181c-5p	-0.0309591733742183	7.89699616980322	-0.18095301169528	0.85643189824863	0.965763629939944	-7.20873025569009
MIMAT0000456	hsa-miR-186-5p	0.0209341620853296	8.25920254150225	0.173667390984463	0.862153169501003	0.968095719990533	-7.21001628923818
MIMAT0000089	hsa-miR-31-5p	0.0289603794278861	7.15958610104556	0.161227149069764	0.871938869998794	0.97495274493536	-7.21209005651184
MIMAT0000732	hsa-miR-378a-3p	-0.0140117172181249	6.87952390670881	-0.148972679592283	0.881597668811355	0.975770531207914	-7.21398222799589
MIMAT0003945	hsa-miR-765	-0.0159934077117718	6.82546548053937	-0.139879946718908	0.888775925078529	0.975770531207914	-7.21528959111149
MIMAT0004568	hsa-miR-221-5p	0.0169838944161294	6.86828114378967	0.139541804452268	0.88904305135076	0.975770531207914	-7.21533662226054
MIMAT0000081	hsa-miR-25-3p	-0.0192695212802203	8.8487760539379	-0.138189221328262	0.890111693386366	0.975770531207914	-7.21552361052853
MIMAT0001627	hsa-miR-433-3p	0.00303279685808633	6.24473593906616	0.136962569199976	0.891081013404963	0.975770531207914	-7.21569161462567
MIMAT0004504	hsa-miR-31-3p	0.0232686574545697	6.91252832995636	0.130655282145909	0.896067674271823	0.976531747099136	-7.21653181741668
MIMAT0000756	hsa-miR-326	-0.00990546149026272	6.63099135154813	-0.125819478566054	0.899893749008144	0.976531747099136	-7.2171491798622
MIMAT0004780	hsa-miR-532-3p	0.0100646928636658	7.0433490578227	0.122108768123835	0.902831237884107	0.976531747099136	-7.21760712172905
MIMAT0004550	hsa-miR-30c-2-3p	-0.0168646621086017	7.29832245815206	-0.112344502367458	0.910567130401673	0.978330439953766	-7.21874664627744
MIMAT0000449	hsa-miR-146a-5p	-0.0253102310940836	9.39717356527705	-0.107123229785566	0.91470729838636	0.978330439953766	-7.21931704087374
MIMAT0004605	hsa-miR-129-3p	-0.00634453067288732	6.46919515894037	-0.106036107054036	0.915569619277486	0.978330439953766	-7.21943238925975
MIMAT0004610	hsa-miR-150-3p	0.0104523769059046	7.2782714511278	0.097297055555144	0.922505084793726	0.979499037616625	-7.22031689657181
MIMAT0000762	hsa-miR-324-3p	0.0123474226532521	9.06565827104093	0.0903633116299317	0.928012052583014	0.979499037616625	-7.22096459042598
MIMAT0002888	hsa-miR-532-5p	-0.0116547180666684	8.14997393524434	-0.0903489228268232	0.928023484243587	0.979499037616625	-7.22096588474657
MIMAT0004683	hsa-miR-362-3p	0.012082137161495	7.53660944088677	0.086039204380934	0.931448141431659	0.979499037616625	-7.22134428202247
MIMAT0001413	hsa-miR-20b-5p	-0.0190544970557252	9.4028256075946	-0.080558359895198	0.935805245277041	0.980191264815873	-7.22179879485967
MIMAT0004775	hsa-miR-502-3p	-0.00591704543873295	7.40018836601387	-0.0657156601489358	0.947614034031815	0.988652437080437	-7.22287950849268
MIMAT0000280	hsa-miR-223-3p	-0.0171630008863577	10.3323218872331	-0.0590571893199052	0.952915387123789	0.98968817642085	-7.22329305619821
MIMAT0000227	hsa-miR-197-3p	0.0087166702335999	7.87454302870577	0.0524158618242143	0.95820516976666	0.98968817642085	-7.22366157195575
MIMAT0000450	hsa-miR-149-5p	0.0117379104086561	7.84376987151383	0.0504004656465988	0.959810797510032	0.98968817642085	-7.22376471832605
MIMAT0000245	hsa-miR-30d-5p	-0.00668087040402199	10.3013098301941	-0.031036192412086	0.975245310809224	0.993626399384543	-7.22454968798206
MIMAT0004982	hsa-miR-939-5p	0.00458552942892787	7.54121051518311	0.0292886094975882	0.97663878472897	0.993626399384543	-7.22460216458252
MIMAT0004762	hsa-miR-486-3p	0.00164304621332167	6.29021564205401	0.0274696961518707	0.978089211294188	0.993626399384543	-7.22465355397294
MIMAT0004674	hsa-miR-30c-1-3p	0.00128821776443644	6.64024669361214	0.02679371708997	0.978628265054211	0.993626399384543	-7.22467181278034
MIMAT0000438	hsa-miR-152-3p	0.00072915607024715	8.08612986898415	0.00455194215453698	0.996368767594087	0.999940063300925	-7.2250188523732
MIMAT0000256	hsa-miR-181a-5p	-0.000722331969619461	9.44456029057141	-0.00346641877622545	0.997234720908279	0.999940063300925	-7.22502318505791
MIMAT0003294	hsa-miR-625-5p	0.000414234570365934	7.70981624994468	0.00207713987879153	0.998342993381211	0.999940063300925	-7.22502701868951
MIMAT0000692	hsa-miR-30e-5p	1.15380056087133e-05	8.64938703191281	7.51335673422085e-05	0.999940063300925	0.999940063300925	-7.22502916353092
