	name	logFC	AveExpr	t	P.Value	adj.P.Val	B
MIMAT0005893	hsa-miR-1305	-0.548119759378427	6.61499108995754	-10.7800154493135	4.73910192511677e-26	1.26060111208106e-23	48.2422202326499
MIMAT0005942	hsa-miR-1288	-0.307208015050691	6.29618883638275	-10.6707955530309	1.4077659097742e-25	1.87232865999969e-23	47.1676282557588
MIMAT0005938	hsa-miR-1274b	-0.824801808565898	12.1663553837196	-5.42623806555167	6.8132884976697e-08	6.04111580126713e-06	7.24751174843292
MIMAT0007890	hsa-miR-1914*	-0.31241603177227	6.87149294939674	-4.42299805132919	1.0515132824445e-05	0.000573753740044008	2.41550850082747
MIMAT0005954	hsa-miR-720	-0.810070874458688	14.7917669492682	-4.41744580335103	1.07848447376693e-05	0.000573753740044008	2.39141838772122
MI0000063_MIMAT0000063	NA	0.609488627396738	15.6509850470014	3.82779476631957	0.000135208152551086	0.00539324753613218	0.000981715956516638
MIMAT0000417	hsa-miR-15b	0.555254979483806	12.8836422354611	3.8157066834288	0.000141927566740321	0.00539324753613218	-0.0445295542253659
MIMAT0005927	hsa-miR-1274a	-0.584820807312791	9.18637078165066	-3.73623616471284	0.000194579630743573	0.00646977272222379	-0.340224963861516
MIMAT0004673	hsa-miR-29c*	0.598833566187971	8.82468154309957	3.67656094285041	0.000245663962054961	0.0072607348785133	-0.558258160808622
MIMAT0005911	hsa-miR-1260	-0.585555380596832	10.7293819593941	-3.59272131336657	0.00033899034112993	0.00901714307405613	-0.858765811466893
MIMAT0000104	hsa-miR-107	0.518342454236518	10.2171805277862	3.45884729421483	0.000559362367580069	0.0135263990705726	-1.32450760358986
MIMAT0002816	hsa-miR-494	-1.12684288749579	10.270133461165	-3.08820457634732	0.00205472268253471	0.0425639180223478	-2.52319023922571
MIMAT0000074	hsa-miR-19b	-0.481589955236781	10.4264752278504	-3.08451584075188	0.00208019148229519	0.0425639180223478	-2.53444793684355
MIMAT0000451	hsa-miR-150	-1.07173984821263	10.8596339424501	-2.93667078737177	0.00337373558932021	0.0641009761970841	-2.9747297785359
MIMAT0002872	hsa-miR-501-5p	-0.133868792941536	6.40112892290352	-2.88271633932199	0.00400500962024428	0.0710221705989986	-3.13008991127162
MIMAT0000101	hsa-miR-103	0.381885374631102	12.7280525045066	2.85046614529226	0.00443182471100247	0.073679085820416	-3.22159457817926
MIMAT0002876	hsa-miR-505	-0.250770246925502	7.25986903076318	-2.8260620451761	0.00478178463426297	0.0748208654537617	-3.290161185389
MIMAT0005898	hsa-miR-1246	-0.887509631123484	10.1317989606804	-2.76606539320772	0.00575098792061043	0.0849868214934652	-3.4562526233406
MIMAT0000731_MIMAT0000732	NA	-0.231690507549223	6.87434183412231	-2.6151531628209	0.00901801734658404	0.126252242852177	-3.85844380444071
MIMAT0000088	hsa-miR-30a*	0.644035580430379	9.32310462928605	2.53112520014692	0.011482375202849	0.146937451755491	-4.07270549136387
MIMAT0004795	hsa-miR-574-5p	-0.502761312782976	8.91593113184041	-2.52752125224937	0.0116003251385914	0.146937451755491	-4.08174016911779
MI0000066_MIMAT0000066	NA	0.623962401285198	12.0942500143031	2.47898204999534	0.013297055832669	0.158383953642924	-4.20217967583917
MIMAT0002819	hsa-miR-193b	0.452614343510697	10.5456369924483	2.45883403143349	0.0140635446255756	0.158383953642924	-4.251492983624
MIMAT0004694	hsa-miR-342-5p	0.497055756491591	9.08230225856235	2.45306006969286	0.0142902815316924	0.158383953642924	-4.2655515272415
MIMAT0000761	hsa-miR-324-5p	0.293848759220614	8.34257295841168	2.425765176343	0.0154063856541169	0.16141870902489	-4.33156613841816
MIMAT0000089	hsa-miR-31	-0.427536219886555	7.15011126720859	-2.41706891949425	0.0157777685513051	0.16141870902489	-4.35244484241243
MIMAT0003299	hsa-miR-630	-0.288387771103809	6.81860391731304	-2.38645698322121	0.0171485416624385	0.168944891933653	-4.42534910825579
MIMAT0003228	hsa-miR-564	-0.0814416699339047	6.34842466202161	-2.3281784638135	0.0200495844392973	0.190471052173325	-4.56159595590226
MIMAT0000753	hsa-miR-342-3p	0.581178468108517	10.5854264406877	2.30151908867491	0.0215138443240554	0.197333882420646	-4.62280794096764
MIMAT0001627	hsa-miR-433	-0.0480778740643446	6.24255516605699	-2.28120212275405	0.0226915094335608	0.201198050310906	-4.6689876292477
MIMAT0000450	hsa-miR-149	0.503017081497599	7.84413230632965	2.24480793289063	0.0249416929005117	0.203254541330015	-4.75069434505446
MIMAT0000433	hsa-miR-142-5p	-0.535979168328442	8.53235433474395	-2.23640393554152	0.0254879762904581	0.203254541330015	-4.76937637769383
MIMAT0005939	hsa-miR-1281	-0.089907454038876	6.45055158463333	-2.23427277078336	0.0256281443187562	0.203254541330015	-4.77410288817597
MIMAT0000253	hsa-miR-10a	0.753580499743218	8.85499429931364	2.22557586668729	0.0262070873546934	0.203254541330015	-4.7933445646434
MIMAT0000280	hsa-miR-223	-0.61750164992942	10.3232209031617	-2.21189207020013	0.0271409094512916	0.203254541330015	-4.82346879449698
MI0000064_MIMAT0000064	NA	0.357215556437911	13.7144905557788	2.20662221404815	0.0275081334130847	0.203254541330015	-4.83502094022555
MIMAT0004597	hsa-miR-140-3p	-0.315316427102202	9.4434936149892	-2.14461970936023	0.0321611573379999	0.231212644646161	-4.96888292477491
MIMAT0000436	hsa-miR-144	-0.547436644612029	7.687959053035	-2.10892117614762	0.0351349825524681	0.241847333763899	-5.04423646012878
MIMAT0000434	hsa-miR-142-3p	-0.666615003673156	12.0370401053953	-2.10396206068202	0.0355661329650596	0.241847333763899	-5.05460491624105
MIMAT0004603	hsa-miR-125b-2*	-0.246465593587718	7.06868545616228	-2.09487367839986	0.036368020114872	0.241847333763899	-5.07354384574203
MI0000065_MIMAT0000065	NA	0.445202725043706	9.88673575434891	2.05149204825488	0.0404114626611994	0.262181684582416	-5.16282268320058
MIMAT0000062	hsa-let-7a	0.571008524116591	13.5383193614945	2.00800452407347	0.0448415327077249	0.283996373815591	-5.25045600855237
MIMAT0000261	hsa-miR-183	0.521759417976985	9.83068628945581	1.92576526511281	0.0543433025391579	0.336170197102698	-5.41107654492876
MIMAT0000084	hsa-miR-27a	0.296006565815054	13.324666149987	1.8885323901834	0.0591685328604085	0.357700675928833	-5.48159926596193
MIMAT0000455	hsa-miR-185	-0.238146779485349	9.23386820197064	-1.86733652642686	0.0620709727679929	0.366908416806358	-5.52113457594396
MIMAT0000087	hsa-miR-30a	0.565829336034249	10.727912103996	1.83386493643222	0.0668938597145338	0.386136995465954	-5.58266295126587
MIMAT0000068	hsa-miR-15a	0.361560734761592	11.99262302658	1.81787962820853	0.0693038784371272	0.386136995465954	-5.61165688512004
MIMAT0000278	hsa-miR-221	-0.318661329817892	8.05529810173907	-1.81443254113662	0.0698328256812074	0.386136995465954	-5.61787605725386
MIMAT0000423	hsa-miR-125b	-0.432816620943147	13.0826392032699	-1.80606574298755	0.0711304991647809	0.386136995465954	-5.63292242570403
MIMAT0000095	hsa-miR-96	0.558825710876037	10.1812499777893	1.79571294666241	0.0727635229102003	0.387101941882265	-5.65144450059825
MIMAT0003886	hsa-miR-769-5p	0.190293721431742	7.77496580209787	1.77521694435099	0.0760871218681341	0.396846557194582	-5.68780109749068
MIMAT0000271	hsa-miR-214	0.400135683125371	10.9547637784514	1.74940960748024	0.0804472467448054	0.405791822674345	-5.73298830312229
MIMAT0000243	hsa-miR-148a	-0.446344975931459	10.5240459673998	-1.74182125291086	0.0817672652337232	0.405791822674345	-5.74614976993162
MIMAT0000279	hsa-miR-222	-0.41685558071541	8.11767985844402	-1.73833947667089	0.082378791069228	0.405791822674345	-5.75216960357808
MIMAT0004550	hsa-miR-30c-2*	0.243988302636463	7.30007197574826	1.70491735618625	0.0884396900508541	0.416908327260595	-5.80934487623503
MIMAT0000244	hsa-miR-30c	0.296056960997016	10.0860392016305	1.7035145900072	0.0887017397079402	0.416908327260595	-5.81172042556389
MIMAT0004697	hsa-miR-151-5p	0.309654777149237	8.86422308387384	1.70012517937015	0.0893374986986989	0.416908327260595	-5.81745227199785
MIMAT0000067	hsa-let-7f	0.56672047062332	11.1242395923436	1.67265850211193	0.0946260236893083	0.427763182210259	-5.86348197454524
MIMAT0000096	hsa-miR-98	0.431359871050071	8.65743890592171	1.67137178387125	0.0948798035729521	0.427763182210259	-5.86561999983258
MIMAT0000449	hsa-miR-146a	-0.365638720798252	9.38400773534485	-1.64644367187386	0.0999049755915869	0.442912058456035	-5.90671744388512
MIMAT0005948	hsa-miR-664*	0.182493186100285	7.06570094937644	1.63293010658937	0.102716665417571	0.445149111347424	-5.92873933111809
MIMAT0000705	hsa-miR-362-5p	-0.20707933994604	8.049323629292	-1.62800678012895	0.103756559787746	0.445149111347424	-5.93671752209373
MIMAT0000250	hsa-miR-139-5p	-0.190059481189484	6.91016090289737	-1.6044027895218	0.108858969880315	0.459626761716887	-5.97463418448469
MIMAT0000418	hsa-miR-23b	0.269876951763279	10.2689957868833	1.58023112527558	0.114287975409111	0.475009397794119	-6.01289102125947
MIMAT0004605	hsa-miR-129-3p	-0.0887602786021144	6.4672547982598	-1.56123114003053	0.118703375590284	0.479807115418151	-6.04255641579403
MIMAT0002805	hsa-miR-489	0.206483091193175	6.61865557628203	1.55976370830866	0.119049885780443	0.479807115418151	-6.04483269919632
MIMAT0004494	hsa-miR-21*	-0.327616412152	9.17775387708121	-1.51491803824606	0.130027025197725	0.516226697053653	-6.1133687426571
MIMAT0004600	hsa-miR-144*	-0.205794870489879	6.59380712528778	-1.47450469547216	0.140578683583773	0.549910732842405	-6.1734241551226
MIMAT0005792	hsa-miR-320b	0.250203153824193	10.7083246728039	1.46428884807067	0.143347635033296	0.552615520563142	-6.18834893169554
MIMAT0000073	hsa-miR-19a	-0.270424014856792	9.54401263252997	-1.44645012440092	0.148282897753784	0.563475011464378	-6.21416229627221
MIMAT0000443	hsa-miR-125a-5p	0.259311262520113	9.65535131488356	1.43303951452786	0.152077854468984	0.569756468855629	-6.23336030669565
MIMAT0004504	hsa-miR-31*	-0.247604839141802	6.90521863363389	-1.41635264680678	0.156902750350433	0.578241280455226	-6.25699952523332
MIMAT0000232	hsa-miR-199a-3p	0.470110730783233	12.8391180252425	1.41026943714715	0.158690276215156	0.578241280455226	-6.26554855912579
MIMAT0000456	hsa-miR-186	-0.154316651360263	8.25386056255497	-1.36297152926651	0.173118553240656	0.622291015702899	-6.33076693332018
MIMAT0001631	hsa-miR-451	-0.598247530260974	11.938828044909	-1.35548241261984	0.175490415150308	0.622406005733092	-6.34089012450785
MIMAT0000736	hsa-miR-381	-0.184898260490185	7.31038212491487	-1.3473885601633	0.178080998323148	0.623283494131019	-6.35176820513554
MIMAT0000226	hsa-miR-196a	0.606418929753103	9.34131916253047	1.33684194700206	0.181499249770697	0.623730520054416	-6.36584528563183
MIMAT0003308	hsa-miR-638	-0.304678237700223	10.0100865528207	-1.33256752929147	0.182898423173851	0.623730520054416	-6.37151914194397
MIMAT0000431	hsa-miR-140-5p	-0.22819400616984	10.1411457179848	-1.30938522374362	0.190626483878651	0.641856262173686	-6.40197561186743
MIMAT0000760	hsa-miR-331-3p	0.174202137773419	9.94115300263179	1.29065936393753	0.197042601761214	0.655166650856037	-6.42618803114007
MIMAT0005901	hsa-miR-1249	0.148424466213473	7.19362356397711	1.28127612856611	0.200316522146847	0.657829566556311	-6.43818965604541
MIMAT0000457	hsa-miR-188-5p	-0.143803773061123	7.19947897075168	-1.25861024438557	0.208388546186721	0.675284996189063	-6.46682006147714
MIMAT0000681	hsa-miR-29c	0.22322114496884	13.0318827813729	1.25221222305541	0.210709228134181	0.675284996189063	-6.47480946047967
MIMAT0004911	hsa-miR-874	-0.0967592268443598	7.37239768179366	-1.23444053527615	0.217253416109184	0.686984412215301	-6.49678836077077
MIMAT0000763	hsa-miR-338-3p	0.346238383352979	8.80975748917491	1.22747044421407	0.219859611287926	0.686984412215301	-6.5053229541334
MIMAT0000419	hsa-miR-27b	0.218470144611278	10.1088465987173	1.21044332428264	0.226320504742915	0.686984412215301	-6.52596919716996
MIMAT0000687	hsa-miR-299-3p	-0.076329516166493	6.5301014458468	-1.20721294062745	0.227561416485613	0.686984412215301	-6.529853723901
MIMAT0000080	hsa-miR-24	0.136756758126937	12.0984862147004	1.19704960395265	0.231497177358455	0.686984412215301	-6.54200754559277
MIMAT0002177	hsa-miR-486-5p	-0.234411967574239	7.23591739183023	-1.1869988202099	0.235436713390063	0.686984412215301	-6.55392593210419
MIMAT0000682	hsa-miR-200a	0.343289591315599	10.9423925412943	1.18395944886505	0.236637335101814	0.686984412215301	-6.55751032136028
MIMAT0004594	hsa-miR-132*	0.0914394304844039	6.79593137923549	1.17333884929771	0.240866722148771	0.686984412215301	-6.56996338681452
MIMAT0006764	hsa-miR-320d	0.181567717464127	11.32693082871	1.17075983631603	0.241901742949229	0.686984412215301	-6.57297048166482
MIMAT0000445	hsa-miR-126	-0.296247149054532	9.45394740919696	-1.16760413911599	0.243172458182769	0.686984412215301	-6.57664099925059
MIMAT0004775	hsa-miR-502-3p	-0.098796485328692	7.39691006543992	-1.16519613060008	0.244145253298744	0.686984412215301	-6.57943519961475
MIMAT0000281	hsa-miR-224	-0.296311786315625	7.29953401285789	-1.16221940960896	0.245351575791179	0.686984412215301	-6.58288136450286
MIMAT0003294	hsa-miR-625	0.218338977560278	7.70678399113744	1.15558395689624	0.248055654870905	0.687320877038132	-6.59053159886874
MIMAT0004767	hsa-miR-193b*	0.0823232678414501	6.81313576188407	1.14703235487853	0.251571298649023	0.689875932377733	-6.60032655077347
MIMAT0004484	hsa-let-7d*	0.0301497198908329	6.2872139953382	1.14036715635503	0.254335445307215	0.690339065833868	-6.60791047525097
MIMAT0000266	hsa-miR-205	-0.474170532997656	9.97930873110655	-1.13031749165212	0.258543049933705	0.694671225074401	-6.61926197968402
MIMAT0000646	hsa-miR-155	-0.257544187845529	8.97437243616111	-1.10124135336143	0.270987745096922	0.720827401957812	-6.65153980344462
MIMAT0000729	hsa-miR-376a	-0.203204450936481	8.14554516226823	-1.08709899079556	0.277186931577106	0.729781909730521	-6.66693592999756
MIMAT0002871	hsa-miR-500a*	-0.0826368013871592	7.25783402780578	-1.08110978169831	0.279841183430501	0.729781909730521	-6.67339622424611
MIMAT0000689	hsa-miR-99b	0.188318885152173	8.34961730145815	1.04608623994187	0.295708298598142	0.733227802157154	-6.71046117406414
MIMAT0004571	hsa-miR-200b*	0.158289166283391	7.53105243784802	1.04449576752807	0.296442886745899	0.733227802157154	-6.71211542637029
MIMAT0004780	hsa-miR-532-3p	-0.0810446929724433	7.0415766087001	-1.04389078746322	0.296722628226717	0.733227802157154	-6.7127440071434
MIMAT0003237	hsa-miR-572	-0.146240195919089	7.49257221025093	-1.02855654658934	0.303872175026471	0.733227802157154	-6.72855504051923
MIMAT0000447	hsa-miR-134	0.106847316643104	7.19724017945421	1.02396110028447	0.30603691779753	0.733227802157154	-6.73324788019073
MIMAT0002820	hsa-miR-497	0.178571560184946	9.13185068222618	1.0224622494218	0.306745178341343	0.733227802157154	-6.73477395928445
MIMAT0003888	hsa-miR-766	-0.0557930108170073	6.94091125956451	-1.01777932734942	0.30896502495233	0.733227802157154	-6.73952757093788
MIMAT0000078	hsa-miR-23a	0.168394019177144	13.5064216788554	1.01725502158441	0.309214221851481	0.733227802157154	-6.74005843492642
MIMAT0004682	hsa-miR-361-3p	-0.118689688056515	8.43148837311124	-1.00002458484916	0.317477647568801	0.733227802157154	-6.75735241893487
MIMAT0000318	hsa-miR-200b	0.295009535756861	12.4376211674672	0.999816954482217	0.317578099299578	0.733227802157154	-6.75755901631111
MIMAT0004557	hsa-miR-34a*	-0.065364263187444	6.62635658696578	-0.993352978022862	0.320715807178635	0.733227802157154	-6.76396940826146
MIMAT0000730	hsa-miR-377	-0.190371818843242	8.13779356915207	-0.993074592189058	0.320851393696188	0.733227802157154	-6.76424455383184
MIMAT0000692	hsa-miR-30e	-0.142398126344163	8.64277189120182	-0.99031240205101	0.322198736851661	0.733227802157154	-6.76697042084452
MIMAT0004558	hsa-miR-181a-2*	-0.0782592425300193	6.81776589475706	-0.984044389416661	0.325269842078939	0.733227802157154	-6.7731278867362
MIMAT0000437	hsa-miR-145	-0.220693238462485	10.2468529385222	-0.975224411955095	0.329623499973121	0.733227802157154	-6.78172619076724
MIMAT0001536	hsa-miR-429	0.249144275248256	9.74952133303401	0.972227000367944	0.331111625648591	0.733227802157154	-6.78463066844187
MIMAT0004955	hsa-miR-374b	-0.128727829918906	7.5437558917133	-0.961222093946327	0.336612473211463	0.733227802157154	-6.79521780466577
MIMAT0005865	hsa-miR-1202	0.314103218840138	11.3369890496682	0.960590246069522	0.336930081266949	0.733227802157154	-6.79582201276531
MIMAT0004674	hsa-miR-30c-1*	-0.0435031018750429	6.63812193924246	-0.948699512482428	0.34294309213921	0.733227802157154	-6.80711860326952
MIMAT0002813	hsa-miR-493	0.0838515541162019	6.597037214716	0.942494808868698	0.346107833196175	0.733227802157154	-6.81295748458557
MIMAT0003879	hsa-miR-758	-0.0785536335346553	6.66445851394884	-0.941359123000445	0.346689105805945	0.733227802157154	-6.81402206908395
MIMAT0002809	hsa-miR-146b-5p	-0.215540278991741	9.4994096822947	-0.926824187868756	0.354183325621157	0.733227802157154	-6.82753383160792
MIMAT0000691	hsa-miR-130b	-0.154840177976654	9.32226832313944	-0.926631891379744	0.354283155579969	0.733227802157154	-6.82771118418834
MIMAT0004814	hsa-miR-654-3p	-0.109030866907404	7.02728228537154	-0.924026448074722	0.355637514550034	0.733227802157154	-6.8301105284674
MIMAT0000720	hsa-miR-376c	-0.176968442657049	8.2861527056862	-0.919535101847983	0.357979865995051	0.733227802157154	-6.83423075395306
MIMAT0002888	hsa-miR-532-5p	-0.112847800995518	8.14587841356341	-0.919102002316626	0.35820625105978	0.733227802157154	-6.83462700644468
MIMAT0000258	hsa-miR-181c	0.149385942611214	7.8937217968353	0.917055253849167	0.359277324597573	0.733227802157154	-6.83649710008916
MIMAT0000693	hsa-miR-30e*	0.144469626297385	8.52559007944475	0.907590049550184	0.364256674359545	0.733227802157154	-6.84509120887393
MIMAT0004614	hsa-miR-193a-5p	-0.135412506255542	8.40575611958772	-0.905123636054445	0.365561237505448	0.733227802157154	-6.84731600905508
MIMAT0000737	hsa-miR-382	-0.0789104540276737	6.77471339297345	-0.904969683070661	0.365642764750103	0.733227802157154	-6.84745468008849
MIMAT0004951	hsa-miR-887	0.107565568438845	6.77522139251739	0.892947727660249	0.372044157314915	0.733227802157154	-6.85821053809369
MIMAT0000710	hsa-miR-365	0.173333833847148	9.54050338203633	0.892447383863544	0.37231207701088	0.733227802157154	-6.85865507385356
MIMAT0000680	hsa-miR-106b	-0.12593694004082	12.0177490195804	-0.89084445043916	0.373171207503007	0.733227802157154	-6.86007754135527
MIMAT0004595	hsa-miR-135a*	-0.0891102257836254	7.02167707081932	-0.882651151459047	0.377581770373523	0.733227802157154	-6.86730850490569
MIMAT0000755	hsa-miR-323-3p	0.0257481861640905	6.2764601792079	0.88254359397399	0.377639883065903	0.733227802157154	-6.86740298556046
MIMAT0000252	hsa-miR-7	0.255310424293476	8.0353450303769	0.876096671909742	0.381133189417269	0.734648031775315	-6.87304508742171
MIMAT0005593	hsa-miR-1238	-0.0367451272571202	6.54629485190475	-0.855549524966308	0.392398669162951	0.739753198014636	-6.8907514662735
MIMAT0001618	hsa-miR-191*	0.0357826185334202	6.47698762251108	0.853948421821673	0.393284922018973	0.739753198014636	-6.89211357928121
MIMAT0000452	hsa-miR-154	-0.0806698907985863	6.90087206013949	-0.847236969434882	0.39701307789139	0.739753198014636	-6.8977955067932
MIMAT0003266	hsa-miR-598	0.0868732491094919	6.62760948201266	0.846859871293618	0.397223184149661	0.739753198014636	-6.89811342990512
MIMAT0000703	hsa-miR-361-5p	0.0949491204779154	10.1851813978168	0.844910221136482	0.398310533330384	0.739753198014636	-6.89975488174186
MIMAT0000756	hsa-miR-326	0.0629609649220217	6.63014501588918	0.841051479326445	0.400467896669577	0.739753198014636	-6.90299249611752
MIMAT0001412	hsa-miR-18b	-0.107258312535892	7.2741105508139	-0.827350916258576	0.408184270325759	0.740284189080938	-6.91436813127082
MIMAT0000728	hsa-miR-375	0.322995950675709	9.39819248466254	0.822132092143181	0.411146760123995	0.740284189080938	-6.9186522551368
MIMAT0000752	hsa-miR-328	0.0280201063882624	6.3317068172287	0.820723665078815	0.411948444620895	0.740284189080938	-6.91980378994762
MIMAT0000072	hsa-miR-18a	-0.11972107089243	7.44513633924735	-0.817240461371099	0.413935085523751	0.740284189080938	-6.92264319812916
MIMAT0000425	hsa-miR-130a	-0.160309827861604	10.6717508681865	-0.815953620811439	0.414670466816014	0.740284189080938	-6.92368914197286
MIMAT0004776	hsa-miR-505*	-0.0648457454996647	6.75971076708547	-0.808025681193705	0.419218017747699	0.74310450837741	-6.93009664869283
MIMAT0001639	hsa-miR-409-3p	-0.0744145830821799	6.98667916264632	-0.803481973062784	0.421837521672891	0.74310450837741	-6.93374078241964
MIMAT0000254	hsa-miR-10b	0.231967741014898	10.1127214142109	0.786254313343556	0.431856365827229	0.74500453265849	-6.94737117866778
MIMAT0002814	hsa-miR-432	-0.054393085089167	6.61076349308821	-0.785739137665779	0.432158079427218	0.74500453265849	-6.9477742368519
MIMAT0003322	hsa-miR-652	0.10486618712081	7.59910901028833	0.785583130474008	0.432249469436221	0.74500453265849	-6.94789624019047
MIMAT0000076	hsa-miR-21	-0.158092764914027	15.5183476761163	-0.776718078541402	0.4374610551247	0.74500453265849	-6.95478927003121
MIMAT0005929	hsa-miR-1275	-0.157086193606193	8.23203603832848	-0.775230557223971	0.438339072434176	0.74500453265849	-6.95593823623811
MIMAT0004689	hsa-miR-377*	-0.0332028594203653	6.34350863497666	-0.768654964865171	0.442232480953176	0.74500453265849	-6.96099088026204
MIMAT0000759	hsa-miR-148b	0.0994351585866911	9.327400441291	0.762889610383075	0.445662386688293	0.74500453265849	-6.96538556216488
MIMAT0004602	hsa-miR-125a-3p	-0.109915950211239	7.32026681737594	-0.758960304776517	0.448008665300801	0.74500453265849	-6.96836176010498
MIMAT0000707	hsa-miR-363	0.208143889777483	7.95833998192079	0.756838635191346	0.449278478249531	0.74500453265849	-6.96996240507224
MIMAT0000231	hsa-miR-199a-5p	0.167037991472664	8.70969010942691	0.754094610057612	0.45092379608277	0.74500453265849	-6.97202593235005
MIMAT0001080	hsa-miR-196b	0.136073953169145	7.83320990686282	0.742652381485743	0.457821243463275	0.748554396956166	-6.98054985104751
MIMAT0000269	hsa-miR-212	0.0405358775263505	6.53362968459972	0.738551796340352	0.460307454830856	0.748554396956166	-6.98357289730777
MIMAT0003330	hsa-miR-654-5p	-0.0211271544494167	6.31917731935217	-0.736565058232252	0.461514740980493	0.748554396956166	-6.98503155212802
MIMAT0000245	hsa-miR-30d	0.144890379688728	10.2957719476056	0.70316524680975	0.482073900854785	0.777161561378018	-7.0089657501726
MIMAT0000424	hsa-miR-128	0.107918180668589	7.96042338717918	0.695651976934628	0.486766423435029	0.778036799748497	-7.0141968515672
MIMAT0000733	hsa-miR-379	-0.0954148064026752	7.34274705666918	-0.692939306800633	0.488466712624057	0.778036799748497	-7.01607174636193
MIMAT0000265	hsa-miR-204	-0.0766994712248552	6.55575457318772	-0.681477275708721	0.495686313028482	0.778439262212609	-7.0239130559735
MI0000434_MIMAT0000415	NA	0.099031851743991	13.1411284069803	0.679658458741222	0.496837152734712	0.778439262212609	-7.02514531500317
MIMAT0001638	hsa-miR-409-5p	-0.0410442023027553	6.48765070704927	-0.678613828946565	0.497498776602043	0.778439262212609	-7.02585156986998
MIMAT0003239	hsa-miR-574-3p	-0.0991247288072561	7.94488650058659	-0.673781691658844	0.500565346965153	0.778657206390239	-7.02910436324901
MIMAT0000426	hsa-miR-132	0.0647414186035959	7.54211581880621	0.668052703974785	0.504214035293607	0.779457120867723	-7.03293078285888
MIMAT0000686	hsa-miR-34c-5p	0.102405686839603	7.27885712844863	0.663786565294194	0.506940157556828	0.779457120867723	-7.03575894775918
MIMAT0000267	hsa-miR-210	0.18543353945693	9.87257952315871	0.648634658776022	0.516684758398253	0.789874400769743	-7.04565729300769
MIMAT0000070	hsa-miR-17	-0.107438915934892	9.03287317284613	-0.633343779121877	0.526616343436782	0.791136684285116	-7.0554148621186
MIMAT0000770	hsa-miR-133b	-0.0647610604397579	6.53782236744341	-0.633279766361571	0.526658124598138	0.791136684285116	-7.05545522161463
MIMAT0000510	hsa-miR-320a	0.0952049875591712	9.31692454356977	0.633051230016997	0.52680730421032	0.791136684285116	-7.05559927855829
MIMAT0000255	hsa-miR-34a	0.0898966188226389	12.9468738872592	0.629073516772442	0.529407254897558	0.791136684285116	-7.05809829027998
MIMAT0000075	hsa-miR-20a	-0.156605894742452	11.4905905474045	-0.624105181404076	0.532663855911078	0.79155634453825	-7.06119755207594
MIMAT0000762	hsa-miR-324-3p	0.0784609397800153	9.06301336247011	0.617102012791984	0.537271402975061	0.793827777925018	-7.06552443984481
MIMAT0000256	hsa-miR-181a	0.121224646902928	9.43566796289341	0.612725426024271	0.540161006783565	0.793827777925018	-7.06820372388555
MIMAT0002176	hsa-miR-485-3p	-0.0203038482437927	6.31346084156646	-0.601224934047674	0.547791018238252	0.798172329399541	-7.07515331904793
MIMAT0003258	hsa-miR-590-5p	-0.13599596227632	8.80103023479542	-0.595299313188033	0.551743092865353	0.798172329399541	-7.07868271937379
MIMAT0000617	hsa-miR-200c	0.136317257784555	9.22153195882445	0.594726706641771	0.55212573279564	0.798172329399541	-7.07902192229034
MIMAT0002821	hsa-miR-181d	0.0780039153857279	7.46052484514879	0.590252824465485	0.555119853153816	0.798172329399541	-7.0816609452496
MIMAT0004945	hsa-miR-744	0.0490110786806204	6.67470721415635	0.580463327050267	0.561698993207602	0.803141311964685	-7.08736603511604
MIMAT0000688	hsa-miR-301a	-0.130168229349947	9.20690698410859	-0.571097377895313	0.568028599575713	0.803141311964685	-7.09273502651011
MIMAT0000098	hsa-miR-100	-0.139525543010749	10.22923619135	-0.567264306394606	0.570628844926872	0.803141311964685	-7.09490714599244
MIMAT0000077	hsa-miR-22	-0.0915278799395303	14.0611367622616	-0.567228682945192	0.570653037448592	0.803141311964685	-7.0949272644657
MIMAT0003338	hsa-miR-660	-0.0996295488230015	8.71398666219147	-0.554760565047341	0.579150252100998	0.806633462931592	-7.10189110940313
MI0000433_MIMAT0000414	NA	0.144567263448373	10.9719857184941	0.549598705434116	0.582685463109817	0.806633462931592	-7.10472889281443
MIMAT0000081	hsa-miR-25	0.0726301291819249	8.84541753573788	0.541762295563873	0.588071583134665	0.806633462931592	-7.10898635255783
MIMAT0000461	hsa-miR-195	0.154903092674818	10.4881102877906	0.539150563524517	0.589871783900163	0.806633462931592	-7.1103917077853
MIMAT0000420	hsa-miR-30b	0.0967741445420316	9.63143104117816	0.538408024390921	0.590384061068748	0.806633462931592	-7.11079002368036
MIMAT0005796	hsa-miR-1271	-0.0394095470817026	6.80068682718745	-0.535427207395064	0.592442585131658	0.806633462931592	-7.11238348309584
MIMAT0004610	hsa-miR-150*	0.0542771732886873	7.27465672096321	0.532652831649899	0.594361499002226	0.806633462931592	-7.11385863966325
MIMAT0000757	hsa-miR-151-3p	0.0870613922600167	9.46353265264988	0.522203279458317	0.60161439399583	0.812332125903	-7.11934598382954
MIMAT0003221	hsa-miR-557	0.0355037482614575	6.64751970155349	0.504392279596091	0.614067974821247	0.813364055561417	-7.12844854718771
MIMAT0000438	hsa-miR-152	-0.0771802911782311	8.0825874006664	-0.499991029165674	0.617162801654626	0.813364055561417	-7.13064921890598
MIMAT0003945	hsa-miR-765	-0.0533320279952596	6.82289837716528	-0.496587816006832	0.619560517792591	0.813364055561417	-7.13233764389777
MIMAT0003329	hsa-miR-411	0.0258179103660634	6.38183867880525	0.49520402468526	0.620536622386351	0.813364055561417	-7.13302088322898
MIMAT0000069	hsa-miR-16	0.154268406335873	13.0234039856985	0.485882720794151	0.627129096372395	0.813364055561417	-7.13757356714058
MIMAT0000446	hsa-miR-127-3p	-0.0877925738350349	8.05788417904123	-0.485157295535287	0.627643413417105	0.813364055561417	-7.13792425022219
MIMAT0005793	hsa-miR-320c	0.0697832922169361	10.8584300846003	0.483175132474454	0.629049664266566	0.813364055561417	-7.13887979114592
MIMAT0000460	hsa-miR-194	0.0545938116331302	7.38479354245338	0.479879123283059	0.631391009529732	0.813364055561417	-7.14046003979741
MIMAT0003150	hsa-miR-455-5p	-0.0542022032781508	6.99204438497686	-0.479387207759929	0.631740763974407	0.813364055561417	-7.14069495795036
MIMAT0004762	hsa-miR-486-3p	-0.0275572726802187	6.28954104635754	-0.477397246370173	0.633156478263879	0.813364055561417	-7.14164282187
MIMAT0000442	hsa-miR-9*	0.0992674623334953	6.91999785389364	0.473386393605865	0.63601399833374	0.813364055561417	-7.1435413042676
MIMAT0003233	hsa-miR-551b	0.085148821765114	7.74360000640159	0.438823257454779	0.660859758814306	0.833375267454806	-7.15923776240164
MIMAT0000727	hsa-miR-374a	-0.0953695453114234	8.10166467005848	-0.435525858187034	0.663250330597992	0.833375267454806	-7.16067310584417
MIMAT0004601	hsa-miR-145*	-0.0510207310396007	7.1998748717645	-0.427578616997386	0.669026063682852	0.833375267454806	-7.16408802755959
MIMAT0004587	hsa-miR-23b*	0.0252943953910156	6.54858863521071	0.423864258467869	0.671732272811904	0.833375267454806	-7.16566252495309
MIMAT0003326	hsa-miR-663	0.0876075625017529	8.12255798718432	0.42280924052666	0.672501717665355	0.833375267454806	-7.16610723718485
MIMAT0004982	hsa-miR-939	-0.0617656128334438	7.53578913346979	-0.421059463828803	0.673778620401924	0.833375267454806	-7.16684236212256
MIMAT0002874	hsa-miR-503	-0.0554759366546032	7.21375875045443	-0.416561025842237	0.677065678435906	0.833375267454806	-7.16871827870715
MIMAT0003240	hsa-miR-575	-0.0863017802131365	7.80989888127504	-0.416205734905816	0.67732555700547	0.833375267454806	-7.16886558206929
MIMAT0000459	hsa-miR-193a-3p	0.0583465737803719	8.09962981273394	0.412745215782372	0.679858770818394	0.833375267454806	-7.17029373839325
MIMAT0004761	hsa-miR-483-5p	0.0744122923678061	7.72513957440791	0.404529874291177	0.685887134855373	0.836908155373987	-7.17363646678311
MIMAT0000432	hsa-miR-141	0.107338462504702	11.4546515137348	0.397384482039903	0.691146716728002	0.839475007532642	-7.17648921392887
MIMAT0000275	hsa-miR-218	-0.0655930270367504	7.57152908555936	-0.380036354780378	0.703978151186215	0.848666266720449	-7.18320382860001
MIMAT0000263	hsa-miR-199b-5p	0.105749212598845	8.58507864608016	0.378531974711812	0.705094905809095	0.848666266720449	-7.18377198376452
MIMAT0000083	hsa-miR-26b	0.133623174878545	10.1722182610974	0.374188873870515	0.708322507192466	0.848710751861243	-7.18539958964949
MIMAT0000099	hsa-miR-101	-0.0640411373141632	9.01401990519664	-0.366869764599088	0.713773605163004	0.851407080598023	-7.18809998655699
MIMAT0004493	hsa-miR-20a*	0.0446309563424547	7.17918774699499	0.358617801891558	0.719937046266487	0.852915787682931	-7.19108060146709
MIMAT0004683	hsa-miR-362-3p	-0.0468259323122613	7.53211283660837	-0.356594156547439	0.721451324167893	0.852915787682931	-7.1918011927582
MIMAT0000097	hsa-miR-99a	-0.10306848119031	10.8726950247288	-0.343207419531612	0.731495809085626	0.860964093879542	-7.19646532906321
MIMAT0000222	hsa-miR-192	0.0693779327303803	8.24107179102695	0.33555955332122	0.737255117648877	0.863920093808816	-7.19904987896035
MIMAT0003163	hsa-miR-539	-0.0201754454398779	6.56376257805467	-0.31756623752784	0.750863050368959	0.874168713880944	-7.20490094107071
MIMAT0001341	hsa-miR-424	-0.0833344226661996	9.05450682423859	-0.301042261387822	0.763428582348504	0.874168713880944	-7.2099902716567
MIMAT0002175	hsa-miR-485-5p	-0.0111259445485761	6.32379988471557	-0.297951761406889	0.765785784132641	0.874168713880944	-7.21091195853362
MIMAT0005949	hsa-miR-664	0.0162233039611595	6.61712841591243	0.296091513912038	0.767205690483698	0.874168713880944	-7.21146215964038
MIMAT0000765	hsa-miR-335	0.051980037188641	7.28181185340272	0.292415101294424	0.770014153642287	0.874168713880944	-7.21253939046486
MIMAT0004954	hsa-miR-543	-0.0110663193827332	6.33340115004938	-0.288865547955471	0.772728575807505	0.874168713880944	-7.2135666813387
MIMAT0000094	hsa-miR-95	-0.0434624332139313	7.06586731570795	-0.285035352596774	0.775660735931802	0.874168713880944	-7.21466112239768
MIMAT0004514	hsa-miR-29b-1*	0.0269219305415733	6.94924675742882	0.284579210182664	0.776010144637824	0.874168713880944	-7.21479048730545
MIMAT0000227	hsa-miR-197	0.0444675310534688	7.8751468640353	0.283689251276592	0.776691990825967	0.874168713880944	-7.21504228895636
MIMAT0004599	hsa-miR-143*	-0.0175443480744422	6.67006867796272	-0.279640290879421	0.779796288366526	0.874168713880944	-7.21617793128705
MIMAT0000257	hsa-miR-181b	-0.0509620445223966	8.98237855680247	-0.274498634144119	0.783743411188488	0.874168713880944	-7.21759652516626
MIMAT0004552	hsa-miR-139-3p	-0.016738600660597	6.65808172071876	-0.270447887478084	0.786857002876181	0.874168713880944	-7.21869559712901
MIMAT0002171	hsa-miR-410	-0.0247063103299148	6.80872249034265	-0.264323781206241	0.791570744151086	0.874168713880944	-7.2203262035787
MIMAT0000093	hsa-miR-93	0.0367117149471436	10.5918836491751	0.263753607013284	0.792010000170329	0.874168713880944	-7.22047611811734
MIMAT0003340	hsa-miR-542-5p	-0.0368625542361247	7.5045112924969	-0.253096647601802	0.800232026635182	0.879593880516356	-7.22321856110678
MIMAT0004606	hsa-miR-136*	-0.0210778480241887	6.73497066885981	-0.239663317640799	0.810627621810293	0.887318051246346	-7.22651435935419
MIMAT0000085	hsa-miR-28-5p	0.0380299625113043	8.16746976615574	0.232453186658237	0.816221243239321	0.887318051246346	-7.22820922577678
MIMAT0001413	hsa-miR-20b	-0.0513487163157516	9.39599601767733	-0.231107048290583	0.81726662614795	0.887318051246346	-7.22851992464124
MIMAT0004695	hsa-miR-337-5p	-0.0218024460028641	6.90071992896926	-0.2097355748262	0.833905674146806	0.901702883427034	-7.23321090327535
MIMAT0004748	hsa-miR-423-5p	0.0176072503615021	7.53690430961203	0.196129208447075	0.844538524901182	0.909503026816658	-7.23596051489694
MIMAT0002817	hsa-miR-495	0.0134715417373013	6.54148598717619	0.188593063534326	0.850440088215388	0.912165578489085	-7.23740411117573
MIMAT0002174	hsa-miR-484	0.0112339340192271	6.84307238751849	0.167468679140355	0.867026347829888	0.924382801265276	-7.24114918378016
MIMAT0004568	hsa-miR-221*	-0.0191214739768917	6.86651653063536	-0.163753591283954	0.869949614967772	0.924382801265276	-7.24176187393064
MIMAT0000100	hsa-miR-29b	0.0384738858202658	9.51588321537948	0.160817889397318	0.872260872842161	0.924382801265276	-7.24223630698733
MIMAT0003180	hsa-miR-487b	0.0155598398616066	6.87668336970291	0.156285424803623	0.87583138896594	0.924382801265276	-7.24295193646274
MIMAT0000086	hsa-miR-29a	-0.0211922169357983	13.6716643395032	-0.152004346513033	0.87920619819592	0.924382801265276	-7.24360908833507
MIMAT0000687_MIMAT0002890	NA	-0.0176671316466948	6.89480939690604	-0.142264504282308	0.886892290459362	0.92879271363067	-7.24503617502362
MIMAT0003389	hsa-miR-542-3p	-0.0194078965448741	7.28617842185605	-0.134172923256931	0.893285816329312	0.929841083800382	-7.2461499185535
MIMAT0003885	hsa-miR-454	0.0253820535683618	7.53243516632141	0.132150847103439	0.894884652078563	0.929841083800382	-7.24641805932212
MIMAT0000082	hsa-miR-26a	-0.0183801229151683	10.9579612739185	-0.114145887464783	0.909139103724237	0.934315515008903	-7.24862609975241
MIMAT0004784	hsa-miR-455-3p	-0.0237973267185048	8.64145983014377	-0.113472326585399	0.909672956973561	0.934315515008903	-7.24870243776026
MIMAT0000092	hsa-miR-92a	-0.0202171941866398	8.92020468296994	-0.113402548068703	0.909728264613932	0.934315515008903	-7.24871032028093
MIMAT0000435	hsa-miR-143	-0.020849143745675	8.58805560881096	-0.103221849324938	0.917802215461508	0.938982266587542	-7.24980842130384
MIMAT0000685	hsa-miR-34b	0.0143675674425268	8.41601878357366	0.0944970851058231	0.924728307571293	0.939459851036229	-7.2506673555866
MIMAT0001343_MIMAT0003393	NA	0.0175396044138623	10.0901225418117	0.0937361674466373	0.925332635231173	0.939459851036229	-7.25073867245883
MIMAT0002173	hsa-miR-483-3p	-0.00614673767588769	6.39396226653458	-0.088001746572783	0.929888327129684	0.940495418313673	-7.25125758429059
MIMAT0004589	hsa-miR-30b*	-0.00526529388344787	6.96895643721604	-0.0679237931443206	0.945856346979308	0.950290687530846	-7.25281640383434
MIMAT0000416	hsa-miR-1	0.00929265220789866	6.65000353053603	0.0668410059317216	0.946718166149151	0.950290687530846	-7.25288906113497
MIMAT0004774	hsa-miR-501-3p	-0.00173606837377793	6.74908610666301	-0.0262555236272918	0.979057406355712	0.979057406355712	-7.2547703890929
