	name	logFC	AveExpr	t	P.Value	adj.P.Val	B
MIMAT0005893	hsa-miR-1305	-0.522282565757198	6.62302217840244	-9.88726391768335	2.70458056949566e-22	6.64592487181258e-20	39.7490201509964
MIMAT0005942	hsa-miR-1288-3p	-0.294023341729644	6.303152744969	-9.82069052486572	5.01579235608497e-22	6.64592487181258e-20	39.140840496355
MIMAT0000681	hsa-miR-29c-3p	-1.17329187886789	13.0894460769337	-6.3853752912007	2.35554301881534e-10	1.75073443978729e-08	12.8028552885304
MIMAT0000072	hsa-miR-18a-5p	0.97504973891054	7.46456289191955	6.36721634936651	2.64261802232043e-10	1.75073443978729e-08	12.6910740649868
MIMAT0001412	hsa-miR-18b-5p	0.746898571078723	7.29216828008339	5.5108952636099	4.28052863635183e-08	2.26868017726647e-06	7.76248169344012
MIMAT0000080	hsa-miR-24-3p	0.636492872337604	12.1272954530589	5.38772413527079	8.42705217464577e-08	3.72194804380188e-06	7.10926312855592
MIMAT0000417	hsa-miR-15b-5p	0.772807842209945	12.9174956986776	5.11351235131728	3.62333443534639e-07	1.37169089338113e-05	5.70586180761417
MIMAT0004673	hsa-miR-29c-5p	-0.808849082685118	8.85873212426955	-4.77167152551007	2.02817389229552e-06	6.71832601822891e-05	4.05515582823166
MIMAT0000728	hsa-miR-375	-1.7407265629897	9.43556022127211	-4.25327882920672	2.25356429791073e-05	0.000663549487718161	1.76290019669367
MIMAT0000070	hsa-miR-17-5p	0.721041045499756	9.06180870051285	4.08192209379636	4.73182511524923e-05	0.00125393365554105	1.06150532827626
MIMAT0005938	hsa-miR-1274b	-0.607274361483597	12.2184991483195	-3.90293517829384	9.97797403643201e-05	0.00240378465423135	0.358924849789588
MIMAT0004776	hsa-miR-505-5p	0.308853035270048	6.77026582642307	3.72530999342055	0.00020322438603756	0.00443138059189433	-0.307863080196562
MIMAT0000093	hsa-miR-93-5p	0.533430291934435	10.6326162796585	3.70810242111532	0.000217388481866514	0.00443138059189433	-0.370843665130119
MIMAT0000250	hsa-miR-139-5p	-0.447322847884045	6.92157093526014	-3.61898055605571	0.000306830521027671	0.00580786343373805	-0.69246205169975
MIMAT0000092	hsa-miR-92a-3p	0.656630621556277	8.93315340916863	3.55843484829215	0.000386162531737505	0.00647236239068995	-0.906580132340809
MIMAT0003326	hsa-miR-663	0.748799943844341	8.13390248115304	3.55527830858225	0.000390784144343544	0.00647236239068995	-0.917645953682539
MIMAT0000281	hsa-miR-224-5p	0.933719107835306	7.31020951464256	3.52538433580602	0.000437192438629337	0.0068150586021632	-1.02196691456526
MIMAT0000442	hsa-miR-9-3p	0.764287794745078	6.93455494021089	3.48638168557659	0.000505503279006955	0.0074421316076024	-1.1567744945859
MIMAT0000449	hsa-miR-146a-5p	0.794644887894831	9.41227164342741	3.43789617361814	0.000604313597743762	0.00842858438958405	-1.32230503907932
MIMAT0004694	hsa-miR-342-5p	-0.693278297690528	9.11386541741462	-3.29060143741379	0.00102586897961174	0.0135927639798555	-1.81119652334441
MIMAT0007890	hsa-miR-1914-3p	-0.234220167403731	6.87919222936888	-3.24674238288004	0.00119636551438771	0.0150969933958449	-1.95270267285806
MIMAT0000073	hsa-miR-19a-3p	0.603905502679525	9.58314500538026	3.09329513519072	0.00202059615455862	0.0243389991344561	-2.43306661953894
MIMAT0000705	hsa-miR-362-5p	0.404859796902493	8.07162111288384	3.05220513512457	0.002316590462282	0.0263081460343626	-2.55780844810223
MIMAT0002876	hsa-miR-505-3p	0.282098906200187	7.27497891790635	3.04369940195408	0.00238262454650831	0.0263081460343626	-2.58342485079101
MIMAT0000759	hsa-miR-148b-3p	-0.399781332119511	9.36275824541508	-2.94617477476939	0.00327317837359961	0.0344657277280821	-2.87209621724898
MIMAT0004951	hsa-miR-887-3p	-0.368306336039942	6.78895336981356	-2.92637986829479	0.00348742277011297	0.0344657277280821	-2.92955629393322
MIMAT0000646	hsa-miR-155-5p	0.712677445682552	8.99935961064878	2.9242158971213	0.00351160244776686	0.0344657277280821	-2.93581462054254
MIMAT0003228	hsa-miR-564	-0.104015614633482	6.35589544838249	-2.85835966900216	0.00432459140373865	0.0397224609043602	-3.12408798374481
MIMAT0000099	hsa-miR-101-3p	-0.52073504154431	9.0472250156446	-2.85671027168658	0.00434698628764696	0.0397224609043602	-3.1287490048649
MIMAT0004784	hsa-miR-455-3p	0.606297858679699	8.66357320787571	2.78585585106406	0.00541428108994918	0.0478261496278845	-3.32646621750166
MIMAT0000267	hsa-miR-210-3p	0.787835847320162	9.90870961796849	2.64594190304639	0.00824221623632776	0.070457654923447	-3.70247186872815
MIMAT0003237	hsa-miR-572	-0.386694051089531	7.50842021318068	-2.61649458727996	0.00898418247810071	0.0744002611467715	-3.77916763859472
MIMAT0005954	hsa-miR-720	-0.483569012533485	14.8458364006796	-2.56524984221707	0.0104187373852914	0.0836656183970368	-3.91060919298383
MIMAT0000437	hsa-miR-145-5p	-0.59724624951139	10.2790767970522	-2.5379909983494	0.0112621255906958	0.0877783318098348	-3.97947867412124
MIMAT0001627	hsa-miR-433-3p	-0.0550088071830626	6.24956093502859	-2.52462880175923	0.0116973046736968	0.0885653068151328	-4.0129721475412
MIMAT0000445	hsa-miR-126-3p	-0.661237416171785	9.47356465192381	-2.50139362771435	0.0124896851065416	0.0919379598120423	-4.07079605511013
MIMAT0000081	hsa-miR-25-3p	0.344151024431659	8.85767862179888	2.47977840787246	0.0132691728696374	0.0941857814721547	-4.12411295337588
MIMAT0000065	hsa-let-7d-5p	0.557397696198352	9.90063303104939	2.47343689368017	0.0135058856450637	0.0941857814721547	-4.13966818667496
MIMAT0000691	hsa-miR-130b-3p	0.428396428036064	9.35599630878744	2.4566555633087	0.0141504050458182	0.0947044034148022	-4.18064105969746
MIMAT0004614	hsa-miR-193a-5p	-0.382492232842325	8.42648682186998	-2.44970563783041	0.0144251899713494	0.0947044034148022	-4.19752888324345
MIMAT0000082	hsa-miR-26a-5p	-0.407933128865704	10.9888622685068	-2.44404723251531	0.0146523793962524	0.0947044034148022	-4.21124338961084
MIMAT0000415	hsa-let-7i-5p	0.362805502107737	13.1755973039833	2.40798093614619	0.016176084110397	0.10206338783941	-4.29792001765469
MIMAT0005949	hsa-miR-664	-0.13615733594169	6.62782398594605	-2.37900887530625	0.0174993475852192	0.103398947021256	-4.36662214700861
MIMAT0000459	hsa-miR-193a-3p	-0.347125285167047	8.11666444800109	-2.35844039518506	0.0184955750496785	0.103398947021256	-4.41489618131296
MIMAT0000275	hsa-miR-218-5p	-0.424182853589113	7.59056889026798	-2.35545097483141	0.0186444270663543	0.103398947021256	-4.42187772678965
MIMAT0000423	hsa-miR-125b-5p	-0.586242828545687	13.1297135713346	-2.35304398822912	0.0187650395038925	0.103398947021256	-4.42749266452329
MIMAT0000730	hsa-miR-377-3p	-0.468835593432268	8.16081773013233	-2.34736814735245	0.0190521607605675	0.103398947021256	-4.44071053562776
MIMAT0000243	hsa-miR-148a-3p	-0.623994253612677	10.5601234126249	-2.33783059419154	0.019543297241014	0.103398947021256	-4.46285024896386
MIMAT0004774	hsa-miR-501-3p	0.160822879750673	6.76130715929315	2.33132150786309	0.0198848068038767	0.103398947021256	-4.47790859609736
MIMAT0000761	hsa-miR-324-5p	0.293733144220226	8.36259602597232	2.32670938014457	0.0201299359474673	0.103398947021256	-4.48855324651613
MIMAT0005901	hsa-miR-1249-3p	0.271713103619767	7.20489693986376	2.31744241687926	0.0206304563943499	0.103398947021256	-4.50987790516166
MIMAT0000736	hsa-miR-381-3p	-0.330185269821913	7.32543531322246	-2.31062614673853	0.021005513351658	0.103398947021256	-4.52550927310813
MIMAT0000686	hsa-miR-34c-5p	-0.372125239422006	7.29622926656467	-2.309819554822	0.0210502862809929	0.103398947021256	-4.52735596268827
MIMAT0000436	hsa-miR-144-3p	-0.622972150084677	7.71061184695852	-2.2962349901984	0.0218169528944237	0.103398947021256	-4.55836167976825
MIMAT0000720	hsa-miR-376c-3p	-0.459882210793389	8.30899924107715	-2.2930971869971	0.0219974598235429	0.103398947021256	-4.5654976779772
MIMAT0000753	hsa-miR-342-3p	-0.598163534558612	10.6043633533157	-2.28225820299373	0.0226310327729252	0.103398947021256	-4.59007323596553
MIMAT0000729	hsa-miR-376a-3p	-0.442892201192989	8.16784312987424	-2.27599442002723	0.0230043621844599	0.103398947021256	-4.60422262933805
MIMAT0000254	hsa-miR-10b-5p	-0.700668695335103	10.1455419869769	-2.2759470434665	0.0230072061712577	0.103398947021256	-4.60432950224482
MIMAT0000075	hsa-miR-20a-5p	0.591700294649772	11.5354375658045	2.26540330771186	0.0236477942524517	0.103398947021256	-4.62805934124694
MIMAT0003308	hsa-miR-638	-0.534140765863658	10.0310015168983	-2.25880948223465	0.0240562309121035	0.103398947021256	-4.64284390189547
MIMAT0000263	hsa-miR-199b-5p	-0.654245003703361	8.60221999473907	-2.24723956968234	0.0247877084477228	0.103398947021256	-4.66868240311357
MIMAT0004814	hsa-miR-654-3p	-0.275275936261525	7.0392919411982	-2.24164976124846	0.0251479668284987	0.103398947021256	-4.68111866193677
MIMAT0000680	hsa-miR-106b-5p	0.327877655849429	12.0718124899588	2.2413156734267	0.0251696414794864	0.103398947021256	-4.68186097021404
MIMAT0003150	hsa-miR-455-5p	0.263725492382084	7.00679643271984	2.24100435960095	0.0251898531889198	0.103398947021256	-4.68255257821713
MIMAT0005911	hsa-miR-1260	-0.379293497187838	10.7749738776768	-2.23836148981986	0.0253620058731383	0.103398947021256	-4.68842007958525
MIMAT0000452	hsa-miR-154-5p	-0.221294814609522	6.91267506815827	-2.23099842333319	0.0258470111508166	0.103779665984339	-4.70473076656986
MIMAT0000104	hsa-miR-107	0.345153335892536	10.2382044668812	2.21871356757373	0.0266740952911253	0.105502018688779	-4.73182547343627
MIMAT0000685	hsa-miR-34b-5p	-0.350167253138403	8.44253615928547	-2.20517250766635	0.0276121729618746	0.106481915495274	-4.76151872683009
MIMAT0002888	hsa-miR-532-5p	0.282012165856891	8.1693092212376	2.20144403176804	0.0278754180590318	0.106481915495274	-4.76966296093356
MIMAT0002820	hsa-miR-497-5p	-0.396075375098883	9.15001740330666	-2.18903081422833	0.028767509913236	0.106481915495274	-4.79667896324697
MIMAT0000461	hsa-miR-195-5p	-0.65420470186003	10.5136697708818	-2.18789969167164	0.0288500096417904	0.106481915495274	-4.79913318749417
MIMAT0000420	hsa-miR-30b-5p	-0.408708184576462	9.66291232638356	-2.1867928528454	0.0289309355307915	0.106481915495274	-4.80153350364706
MIMAT0004557	hsa-miR-34a-3p	-0.149434411300644	6.63731786088806	-2.17557587307924	0.0297621560698548	0.107824590055358	-4.82579086798631
MIMAT0000084	hsa-miR-27a-3p	0.35383964073627	13.3719183693488	2.17096825933744	0.030109508166402	0.107824590055358	-4.83571920973086
MIMAT0000450	hsa-miR-149-5p	-0.500692040215863	7.86337970139614	-2.1449612029024	0.0321361886635551	0.111736117164154	-4.89136645729936
MIMAT0000435	hsa-miR-143-3p	-0.451815197167098	8.61471097088278	-2.14224985115692	0.0323540660096936	0.111736117164154	-4.89712959631674
MIMAT0005939	hsa-miR-1281	-0.0889602790413768	6.45665506791956	-2.1408540671986	0.0324667208363768	0.111736117164154	-4.90009359534527
MIMAT0003239	hsa-miR-574-3p	-0.324387128515475	7.96160474107915	-2.11897606739817	0.034276953977259	0.116453753897098	-4.94630161199075
MIMAT0004601	hsa-miR-145-3p	-0.256983932885615	7.21535541487294	-2.0633153536801	0.0392758877014799	0.131020106857591	-5.06173560385408
MIMAT0004603	hsa-miR-125b-2-3p	-0.252793086510091	7.08174665886831	-2.05712800883538	0.0398680688957425	0.131020106857591	-5.07437892277343
MIMAT0000682	hsa-miR-200a-3p	-0.618498728201613	10.990634749821	-2.05526704964241	0.0400476553036409	0.131020106857591	-5.07817425600755
MIMAT0000438	hsa-miR-152-3p	-0.318772000073628	8.10664392064173	-1.98332262880017	0.047536277477334	0.152771403672353	-5.22228414486353
MIMAT0000266	hsa-miR-205-5p	-0.862313817391201	10.0020977084986	-1.97837152389747	0.0480923643120139	0.152771403672353	-5.23201387189422
MIMAT0003879	hsa-miR-758-3p	-0.171306648376454	6.67498226531976	-1.97423358420658	0.0485613080818414	0.152771403672353	-5.24012705060878
MIMAT0001413	hsa-miR-20b-5p	0.456721241170235	9.43277088396267	1.96737902886022	0.0493465764507599	0.152771403672353	-5.25352948743319
MIMAT0000710	hsa-miR-365a-3p	-0.396512824162066	9.56456802008653	-1.96537087124455	0.0495786442106505	0.152771403672353	-5.25744718015875
MIMAT0004550	hsa-miR-30c-2-3p	-0.289018357458824	7.31676109466213	-1.93527934273534	0.0531672711674065	0.160201881751534	-5.31567599650419
MIMAT0000088	hsa-miR-30a-3p	-0.512749514906691	9.35059605269993	-1.93502003470978	0.0531991154495661	0.160201881751534	-5.31617389012334
MIMAT0004780	hsa-miR-532-3p	0.15467310172658	7.05545099402908	1.90818649799499	0.0565817122793115	0.166869977513201	-5.36733791398318
MIMAT0000100	hsa-miR-29b-3p	-0.476100001508915	9.54808281853124	-1.90748244823673	0.056672822551653	0.166869977513201	-5.36867077350032
MIMAT0001618	hsa-miR-191-3p	0.0822397381769946	6.48323048677872	1.89676216684657	0.0580752877332477	0.169120343399018	-5.3889052538978
MIMAT0000687	hsa-miR-299-3p	-0.12190723626529	6.53966849255291	-1.85450146901801	0.0638881157609939	0.182244859351885	-5.467567120761
MIMAT0004911	hsa-miR-874-3p	-0.151203026464497	7.38753213101363	-1.85307125519651	0.0640929625150766	0.182244859351885	-5.47019840287095
MIMAT0000737	hsa-miR-382-5p	-0.167954364284539	6.78556280258242	-1.84923332583077	0.0646453463361404	0.182244859351885	-5.47724937622774
MIMAT0002814	hsa-miR-432-5p	-0.130682576406881	6.61881899102983	-1.81585756108098	0.0696167502335548	0.194194092756758	-5.53795350548275
MIMAT0004695	hsa-miR-337-5p	-0.195649424311342	6.913097190067	-1.80832544034372	0.0707810896899451	0.195385299664952	-5.55150084761156
MIMAT0000265	hsa-miR-204-5p	-0.211224699125493	6.5646341643139	-1.79872965024912	0.0722875469833199	0.197241270632057	-5.56867875818596
MIMAT0001638	hsa-miR-409-5p	-0.11292965236154	6.49662095314851	-1.7946116131839	0.0729420547997796	0.197241270632057	-5.57602277415338
MIMAT0001631	hsa-miR-451	-0.815544629730409	11.9610259188462	-1.77622713293664	0.0759234932477643	0.201031975516623	-5.60860491651577
MIMAT0004606	hsa-miR-136-3p	-0.162635436805673	6.74625001243542	-1.7742550531092	0.0762491369788854	0.201031975516623	-5.61208013203115
MIMAT0006764	hsa-miR-320d	0.285491350714757	11.3545365438593	1.77137927260275	0.0767260494234227	0.201031975516623	-5.61714096965196
MIMAT0003393	hsa-miR-425-5p	-0.343276469083507	10.127463922438	-1.76746946024138	0.0773783452931908	0.201031975516623	-5.62400840478924
MIMAT0004595	hsa-miR-135a-3p	0.1844484888273	7.03493379395987	1.75414215506652	0.0796358754492744	0.204888417418036	-5.64730381609182
MIMAT0000763	hsa-miR-338-3p	-0.513735115289739	8.84292407314619	-1.74346652273776	0.081482652368762	0.207624066131942	-5.66583764632443
MIMAT0004767	hsa-miR-193b-5p	-0.128792621261388	6.82532683515819	-1.72306377016933	0.0851088551841523	0.214798539274289	-5.70094529779606
MIMAT0002809	hsa-miR-146b-5p	0.401407347631097	9.52988252553968	1.65857006618648	0.0974376656348008	0.243594164087002	-5.80921554343357
MIMAT0005792	hsa-miR-320b	0.290625060820474	10.7352331808605	1.64012032940741	0.101216034560078	0.250675225779632	-5.83943193144568
MIMAT0000760	hsa-miR-331-3p	-0.227771344068946	9.96644288092803	-1.632534226695	0.102803119641688	0.252248395417105	-5.8517585429824
MIMAT0000733	hsa-miR-379-5p	-0.232279978170599	7.35842671411268	-1.62269404165661	0.10489123121618	0.255010791488879	-5.86766299951693
MIMAT0004493	hsa-miR-20a-3p	0.209848459911125	7.19621429747566	1.61373588677072	0.106821354774119	0.257342354683105	-5.88205856972548
MIMAT0000732	hsa-miR-378a-3p	0.148107565679457	6.88525180906328	1.60249966977537	0.109282025086471	0.260898528359593	-5.90000271227203
MIMAT0000083	hsa-miR-26b-5p	-0.589599120589421	10.2001025984852	-1.58532040134056	0.113130687558916	0.266142913580016	-5.92719639784835
MIMAT0000094	hsa-miR-95-3p	-0.251500180590027	7.08013827238586	-1.58375182814283	0.113487355602044	0.266142913580016	-5.92966480217508
MIMAT0001639	hsa-miR-409-3p	-0.151569289893393	6.99843590862747	-1.57665135076089	0.115112992875427	0.267587220280597	-5.94080810393142
MIMAT0004795	hsa-miR-574-5p	-0.324680459958417	8.93694670046126	-1.56816600230237	0.117079680031965	0.269792306160615	-5.95405935838904
MIMAT0000231	hsa-miR-199a-5p	-0.358948485631073	8.72185880181311	-1.55911428357226	0.119206651124073	0.272325539205856	-5.96811655545691
MIMAT0004600	hsa-miR-144-5p	-0.223963048680456	6.60585015566485	-1.53541017334353	0.12492036038143	0.28049767932699	-6.00454453424864
MIMAT0000447	hsa-miR-134-5p	0.157648124291399	7.20199320800878	1.53343883136231	0.125405005991898	0.28049767932699	-6.00754900493939
MIMAT0003888	hsa-miR-766-3p	0.0871643665759061	6.95167376928564	1.53119131874479	0.12595933524495	0.28049767932699	-6.01096968774344
MIMAT0000765	hsa-miR-335-5p	-0.278425004771652	7.3003419079848	-1.49894307468167	0.134125123954838	0.296192982066934	-6.05950051154715
MIMAT0000244	hsa-miR-30c-5p	-0.27000478699435	10.1170594542974	-1.49113158466397	0.136163492805196	0.298209302424602	-6.07110124406012
MIMAT0003180	hsa-miR-487b-3p	-0.152307528542361	6.88782525395322	-1.46982368833218	0.141845433921154	0.308106885156604	-6.10243814593818
MIMAT0003163	hsa-miR-539-5p	-0.095852307200115	6.57371688688542	-1.44732346998738	0.148041422456638	0.318951032122026	-6.13504055991049
MIMAT0000227	hsa-miR-197-3p	0.234830244326432	7.88674977324005	1.44147408346868	0.149685614461707	0.319892643809292	-6.14343410856194
MIMAT0000087	hsa-miR-30a-5p	-0.456668201364288	10.7576409642793	-1.42397715097431	0.154687069495215	0.327201344792332	-6.16833896748317
MIMAT0003294	hsa-miR-625-5p	-0.278060623055418	7.72724750510872	-1.41077209788305	0.158545096098567	0.327201344792332	-6.18693405687146
MIMAT0003340	hsa-miR-542-5p	-0.214012865905882	7.52088955191242	-1.40956374123457	0.158901743118668	0.327201344792332	-6.18862701458974
MIMAT0004599	hsa-miR-143-5p	-0.092145259452094	6.68169473819378	-1.4087611796733	0.159138955253101	0.327201344792332	-6.18975063726025
MIMAT0004748	hsa-miR-423-5p	-0.131318505945138	7.5525767996593	-1.40139294962076	0.161329325039513	0.327201344792332	-6.20003667588763
MIMAT0005793	hsa-miR-320c	0.210302673868679	10.8897023114568	1.4011230523443	0.16140998860434	0.327201344792332	-6.20041243104204
MIMAT0000446	hsa-miR-127-3p	-0.26382971189151	8.07666663008023	-1.39999121810426	0.161748589312436	0.327201344792332	-6.20198740232705
MIMAT0002819	hsa-miR-193b-3p	-0.266229682990661	10.5828371009472	-1.39332037374601	0.163755160584092	0.328750890566548	-6.21124424204296
MIMAT0002171	hsa-miR-410-3p	-0.133410703905304	6.81949716827837	-1.37224236553863	0.170218812403424	0.339001744579847	-6.24020355266092
MIMAT0004689	hsa-miR-377-5p	-0.0613709650779537	6.35152455097106	-1.36839261194991	0.171419750089432	0.339001744579847	-6.24544523289698
MIMAT0003233	hsa-miR-551b-3p	-0.274098730918954	7.76470256041731	-1.35405585113735	0.17594801328563	0.345379433486607	-6.2648364564028
MIMAT0004610	hsa-miR-150-3p	0.136797202095822	7.28159267858113	1.33227217354708	0.182998431033393	0.356577825175362	-6.29391018321255
MIMAT0004571	hsa-miR-200b-5p	-0.207992033255764	7.55133653557664	-1.31816651869743	0.187674321778636	0.36301967351342	-6.31248554006669
MIMAT0000078	hsa-miR-23a-3p	0.223345893719063	13.5437968328955	1.29833977817213	0.194395131146417	0.370682525873042	-6.33826144132736
MIMAT0002890	hsa-miR-299-5p	-0.167216946056964	6.90550910320776	-1.29601357032846	0.195195107484276	0.370682525873042	-6.34126010575708
MIMAT0000757	hsa-miR-151-3p	0.224757517334721	9.49812675107566	1.29416577967108	0.19583227781972	0.370682525873042	-6.34363823032709
MIMAT0004682	hsa-miR-361-3p	-0.159663543993082	8.45875944406816	-1.28869242774866	0.197728596918796	0.371617575769368	-6.35066262702634
MIMAT0002816	hsa-miR-494-3p	-0.483801317230133	10.3067808972855	-1.27257224401323	0.203391744781791	0.379569101177286	-6.37117843408344
MIMAT0000258	hsa-miR-181c-5p	-0.213794120099018	7.9181150217816	-1.25754463301856	0.208776703668315	0.385605631791807	-6.39007172719881
MIMAT0000460	hsa-miR-194-5p	-0.148747292752725	7.40463313114257	-1.25218592584317	0.210721730062179	0.385605631791807	-6.39675474595163
MIMAT0002175	hsa-miR-485-5p	-0.0486167177325676	6.33156899999612	-1.25144480573807	0.210991760791744	0.385605631791807	-6.3976767799345
MIMAT0000085	hsa-miR-28-5p	0.209636637222908	8.18604331372385	1.23031760257812	0.218795216728204	0.397128304335438	-6.42373226433801
MIMAT0003389	hsa-miR-542-3p	-0.179379975446874	7.30285121289507	-1.18888398931897	0.234697020004221	0.423093267354549	-6.47354573344333
MIMAT0000253	hsa-miR-10a-5p	-0.416699036777121	8.87827844967955	-1.18194146079893	0.237439683811903	0.42514537979834	-6.48172582693496
MIMAT0000770	hsa-miR-133b	-0.120813734021453	6.54562487886668	-1.16612716836553	0.243771583426351	0.4335534873019	-6.50018066909573
MIMAT0004605	hsa-miR-129-3p	-0.0689397753833116	6.47681723965602	-1.16194371857106	0.245466281347646	0.433657097047509	-6.50502114669424
MIMAT0000074	hsa-miR-19b-3p	0.186043866548695	10.4692315752302	1.14826448056114	0.251065369204955	0.440611409531874	-6.52072756808481
MIMAT0004955	hsa-miR-374b-5p	-0.158933027988236	7.56194834634314	-1.13710969868782	0.255696745908699	0.444692237517526	-6.53339801575241
MIMAT0000252	hsa-miR-7-5p	0.344658674998236	8.05953505880751	1.13460012599772	0.256746839019553	0.444692237517526	-6.53623156849817
MIMAT0000064	hsa-let-7c-5p	-0.186876265394806	13.7557139845434	-1.1142674548525	0.265365284149224	0.453193046790326	-6.55895874063967
MIMAT0002173	hsa-miR-483-3p	-0.0810682487916674	6.4015681092207	-1.11417324771183	0.265405674749616	0.453193046790326	-6.55906308752803
MIMAT0000693	hsa-miR-30e-3p	-0.184437406106486	8.55244835639776	-1.11096122781143	0.266785340752041	0.453193046790326	-6.56261555648883
MIMAT0003330	hsa-miR-654-5p	-0.0329880411206265	6.32677051526505	-1.10509553057491	0.269317574046541	0.454580618613588	-6.56907655470489
MIMAT0000222	hsa-miR-192-5p	-0.236905064589384	8.26764314385232	-1.09894652259602	0.271989790423931	0.456185407989505	-6.57581296261635
MIMAT0004589	hsa-miR-30b-3p	-0.088009181688772	6.98320059438012	-1.08699054508264	0.277237455341192	0.462062425568654	-6.58880366649396
MIMAT0000416	hsa-miR-1-3p	-0.155535343082367	6.66137466067965	-1.07199963840346	0.283914191936144	0.470232880394238	-6.60489151919029
MIMAT0005865	hsa-miR-1202	0.341657212247622	11.3544824744206	1.00691787207277	0.314156942990283	0.517090620449845	-6.67214945616092
MIMAT0000318	hsa-miR-200b-3p	-0.304841265300124	12.4864926063447	-0.99968404530471	0.317644827825661	0.519604193665432	-6.67936552720881
MIMAT0003258	hsa-miR-590-5p	0.236467724526859	8.8328776027308	0.994268139428754	0.320272749185528	0.520688825362974	-6.68473413236835
MIMAT0002176	hsa-miR-485-3p	-0.0344433819114744	6.32102850850329	-0.981785928053252	0.326383437832809	0.527387872107892	-6.69699642786362
MIMAT0004602	hsa-miR-125a-3p	-0.14520060309954	7.33461467315759	-0.962467699558132	0.335989239702493	0.539619081946428	-6.71566933008528
MIMAT0004674	hsa-miR-30c-1-3p	-0.0453058379248894	6.64954769482463	-0.94582493403457	0.344409259599905	0.549809962614306	-6.73145901346155
MIMAT0000443	hsa-miR-125a-5p	-0.175472318521058	9.68412616522189	-0.93390440675579	0.350522302361891	0.556218024705995	-6.74259946017733
MIMAT0000456	hsa-miR-186-5p	0.108587300884451	8.2784395461614	0.918891426084299	0.358318567465364	0.562082531069185	-6.75642921660674
MIMAT0000269	hsa-miR-212-3p	0.0525751214369272	6.54245505031489	0.918620644065154	0.358460180191292	0.562082531069185	-6.75667660236736
MIMAT0004552	hsa-miR-139-3p	-0.0586607726816588	6.66872862641093	-0.907691920484065	0.36420503909569	0.567731384472694	-6.76660027827826
MIMAT0002805	hsa-miR-489-3p	-0.123300656366583	6.62952784359772	-0.892101683411041	0.372499403611581	0.575003902571913	-6.78055147003432
MIMAT0005927	hsa-miR-1274a	-0.145110476910777	9.22204169939259	-0.888892343271407	0.374221279813726	0.575003902571913	-6.7833934409189
MIMAT0000097	hsa-miR-99a-5p	-0.277707521745228	10.9025072283347	-0.886737967560292	0.375379906207325	0.575003902571913	-6.78529546919782
MIMAT0001536	hsa-miR-429	-0.226926566762844	9.78988123100754	-0.853188524321374	0.393708010936541	0.599612775276915	-6.81432027854934
MIMAT0004494	hsa-miR-21-3p	-0.189910956688114	9.21121495947634	-0.841537761137283	0.400197647524839	0.606013580537613	-6.82413820753778
MIMAT0000432	hsa-miR-141-3p	-0.234330938610268	11.5047499151901	-0.837214211261879	0.402622208781883	0.606220939359085	-6.82774729474534
MIMAT0000101	hsa-miR-103a-3p	0.113051634809862	12.7713935340592	0.819031097581716	0.412915039942815	0.615286288711732	-6.84272238335159
MIMAT0000433	hsa-miR-142-5p	0.204570991272843	8.56015810878413	0.81837971232759	0.413286639210144	0.615286288711732	-6.84325275117296
MIMAT0003945	hsa-miR-765	-0.087563363995339	6.82834619194478	-0.812034016750801	0.416917064541101	0.617223587169787	-6.84839745664005
MIMAT0000418	hsa-miR-23b-3p	0.138403145982652	10.2881767960856	0.779330616853566	0.435923287961646	0.640563432808639	-6.87427698042196
MIMAT0003885	hsa-miR-454-3p	-0.155623427846781	7.55306623264502	-0.776626507930043	0.437516910710806	0.640563432808639	-6.87636928396165
MIMAT0000096	hsa-miR-98-5p	0.207539619207114	8.68358763605536	0.771305376679645	0.440662614431696	0.641624136397799	-6.88046529140904
MIMAT0003338	hsa-miR-660-5p	0.14314119198621	8.74346542163898	0.764248935653962	0.444854138280394	0.644187686580899	-6.88585368041225
MIMAT0002874	hsa-miR-503-5p	0.0973523785038912	7.22920717107468	0.700364025241624	0.483822187627411	0.694510363555701	-6.93238509975181
MIMAT0000707	hsa-miR-363-3p	-0.200453962039651	7.98237522028539	-0.6980304558362	0.485279863306433	0.694510363555701	-6.93400799846067
MIMAT0002817	hsa-miR-495-3p	-0.0517306200380672	6.55082019895582	-0.693811545656158	0.487921257722189	0.694510363555701	-6.9369283336682
MIMAT0004683	hsa-miR-362-3p	0.0947362424530382	7.55256041070695	0.690359258180157	0.490088445226098	0.694510363555701	-6.9393048503551
MIMAT0002174	hsa-miR-484	-0.0477117324010914	6.85441921992395	-0.681320973362917	0.495786731887685	0.698848318884237	-6.94547060084064
MIMAT0004504	hsa-miR-31-3p	-0.118071603613832	6.91664335201841	-0.6530022518376	0.513867406820498	0.720501919616042	-6.96426333406895
MIMAT0000076	hsa-miR-21-5p	-0.134044532336663	15.5580177136116	-0.637637467597952	0.523819183194883	0.73058991340339	-6.97412604234252
MIMAT0004697	hsa-miR-151-5p	0.119888278238532	8.87594912977931	0.63198211137787	0.527506913057477	0.731881319163516	-6.97769714795702
MIMAT0002821	hsa-miR-181d-5p	-0.0843291729825024	7.48063096381614	-0.611570126681393	0.540926468478884	0.746591219515126	-6.99032192501813
MIMAT0003266	hsa-miR-598-3p	0.0650372978389173	6.63916269243869	0.606725510071072	0.544136384532518	0.747130268917707	-6.99325748984814
MIMAT0000756	hsa-miR-326	-0.0468821324231055	6.64140938582742	-0.600108974088735	0.548535590632562	0.749288306791902	-6.99722904170225
MIMAT0003221	hsa-miR-557	0.0431407703181685	6.65642002004336	0.591699706720703	0.554152003033014	0.750105297833894	-7.00221386193918
MIMAT0004597	hsa-miR-140-3p	0.0904326656488568	9.47505077854536	0.590739851462561	0.554794861794125	0.750105297833894	-7.00277837152623
MIMAT0005593	hsa-miR-1238-3p	0.0249152709473774	6.55290849655003	0.569366487039532	0.569203360704309	0.763063973815199	-7.01511116786738
MIMAT0002872	hsa-miR-501-5p	-0.0273023025023003	6.40920563677718	-0.564321931728338	0.572629974777378	0.763063973815199	-7.0179557106152
MIMAT0004982	hsa-miR-939-5p	-0.0854400030975011	7.54627697260517	-0.563751817395538	0.57301785203481	0.763063973815199	-7.01827559744556
MIMAT0004775	hsa-miR-502-3p	0.0491500435624994	7.41481905669242	0.555477179203703	0.578661502747348	0.765235891215889	-7.02288204887927
MIMAT0000451	hsa-miR-150-5p	-0.209222947591606	10.8984793983684	-0.550693057660337	0.581936359628874	0.765235891215889	-7.02551428647044
MIMAT0000279	hsa-miR-222-3p	0.136318423356407	8.1417295240585	0.544741277455159	0.58602256931664	0.765235891215889	-7.02875720532444
MIMAT0000095	hsa-miR-96-5p	-0.176090136631357	10.2216419644913	-0.544483904614447	0.586199569497454	0.765235891215889	-7.0288966443537
MIMAT0000066	hsa-let-7e-5p	0.140427115310624	12.1243908235698	0.538149306581226	0.590563794862498	0.766596491633642	-7.03230783142868
MIMAT0005929	hsa-miR-1275	0.112750649700443	8.24813904074409	0.534582852083316	0.593027474659988	0.766596491633642	-7.03421081424937
MIMAT0002177	hsa-miR-486-5p	-0.106154310981283	7.24429507137903	-0.517156973565983	0.60513236368627	0.778446972703212	-7.04332700721319
MIMAT0003329	hsa-miR-411-5p	-0.0275933020544796	6.39006640981224	-0.508689506067157	0.611054040223211	0.781441379996023	-7.04764767467749
MIMAT0004484	hsa-let-7d-3p	0.0139282318680571	6.29518869430161	0.505405257476095	0.613357762411973	0.781441379996023	-7.04930432733765
MIMAT0001341	hsa-miR-424-5p	-0.140828516050337	9.07973243178334	-0.487608892794387	0.625907060333562	0.793614215255473	-7.05809469566962
MIMAT0000434	hsa-miR-142-3p	0.152556658779188	12.0965493985445	0.461391454267009	0.644593042065608	0.813415029273268	-7.07047079931383
MIMAT0001080	hsa-miR-196b-5p	0.0871791448193493	7.85171297196518	0.456247180694004	0.648286548373654	0.814198745587764	-7.07281896048564
MIMAT0000752	hsa-miR-328-3p	-0.0157646879404822	6.33910762615856	-0.443006666258989	0.657832779088323	0.822290973860403	-7.07874169195286
MIMAT0000755	hsa-miR-323-3p	0.0121189791794993	6.28379301054261	0.399858282711702	0.689324949012454	0.857610852057748	-7.09683280592096
MIMAT0000261	hsa-miR-183-5p	0.109115836909197	9.86570730666617	0.38970020478164	0.696820484249703	0.861325231206603	-7.10082255792685
MIMAT0000068	hsa-miR-15a-5p	0.0771472887593356	12.0358739571724	0.373587125915807	0.708770906430373	0.861325231206603	-7.10694070580116
MIMAT0005948	hsa-miR-664*	-0.0433239149842546	7.07993757326769	-0.372365853961967	0.709679651859968	0.861325231206603	-7.10739389482571
MIMAT0000098	hsa-miR-100-5p	-0.0951491185984494	10.2580386973258	-0.371608173980645	0.710243647635195	0.861325231206603	-7.10767430862109
MIMAT0003886	hsa-miR-769-5p	-0.0410492836122849	7.79728536352949	-0.367200634827086	0.713527638711074	0.861325231206603	-7.10929419538737
MIMAT0003240	hsa-miR-575	0.0786124793741392	7.82248279155519	0.365288520752956	0.714953984830599	0.861325231206603	-7.10999093768119
MIMAT0000457	hsa-miR-188-5p	0.0429916294617456	7.20770480659892	0.365143162391783	0.715062456096048	0.861325231206603	-7.11004375508427
MIMAT0000255	hsa-miR-34a-5p	-0.0526006321035233	12.9921232401962	-0.355627488844552	0.722175809735843	0.865957418914019	-7.11345564643319
MIMAT0000692	hsa-miR-30e-5p	-0.0521702960158237	8.67050415484329	-0.348164403600604	0.727771681095432	0.868736466172475	-7.1160685489618
MIMAT0000762	hsa-miR-324-3p	0.0447630946498192	9.08256846603167	0.3406096179495	0.733451147150002	0.87158992822758	-7.11865712642168
MIMAT0000232	hsa-miR-199a-3p	-0.11548506174201	12.8755094747643	-0.332637889991128	0.739459930009757	0.874807506484757	-7.121327003184
MIMAT0002813	hsa-miR-493-5p	-0.0300495412436659	6.60687657954354	-0.325433052835219	0.744904404655799	0.877331854372385	-7.12368564791775
MIMAT0004587	hsa-miR-23b-5p	-0.0198298163815913	6.55881257215697	-0.318899340947167	0.749852794967184	0.87925217108984	-7.12577993907367
MIMAT0005796	hsa-miR-1271-5p	-0.0230336646232869	6.81309094471227	-0.299904782865131	0.764296534422051	0.89224044767332	-7.13162719524207
MIMAT0004568	hsa-miR-221-5p	-0.0336385796463423	6.87943212083844	-0.275984984129914	0.782602369243452	0.907343939656028	-7.13848003839098
MIMAT0004761	hsa-miR-483-5p	0.0519674005256645	7.73650109938766	0.274058494679061	0.784082121438605	0.907343939656028	-7.1390071954105
MIMAT0000727	hsa-miR-374a-5p	-0.0607231306272595	8.12626347972481	-0.26554683275212	0.790629288936373	0.910942441600604	-7.14129209888916
MIMAT0004594	hsa-miR-132-5p	-0.0190238038262365	6.80745662066271	-0.23407208687781	0.814964951513772	0.926936404053848	-7.14911524966789
MIMAT0000280	hsa-miR-223-3p	0.0662611015156376	10.3471839626627	0.228012458882916	0.81967151656814	0.926936404053848	-7.15050824940363
MIMAT0000419	hsa-miR-27b-3p	0.0425703340921597	10.134439404284	0.226532160182653	0.820822273267969	0.926936404053848	-7.15084299130145
MIMAT0000245	hsa-miR-30d-5p	-0.0464639946814884	10.3226583276941	-0.217084311050904	0.828175853279957	0.926936404053848	-7.15292808513914
MIMAT0004762	hsa-miR-486-3p	-0.013058595582204	6.29751027582742	-0.216613243246477	0.828542901878153	0.926936404053848	-7.15302972313872
MIMAT0000431	hsa-miR-140-5p	-0.0392632062430396	10.1814831268893	-0.216218864765463	0.828850224194974	0.926936404053848	-7.1531146447944
MIMAT0000703	hsa-miR-361-5p	-0.0251076988930929	10.2221684941949	-0.215285453911233	0.829577695839869	0.926936404053848	-7.15331501994464
MIMAT0003322	hsa-miR-652-3p	-0.0294835161278897	7.61897297879247	-0.211545673064116	0.832493827037041	0.926936404053848	-7.15410914414534
MIMAT0000510	hsa-miR-320a	0.0314133402401238	9.34154485613321	0.201298963289665	0.840495517936392	0.93192662951399	-7.15621368921848
MIMAT0000426	hsa-miR-132-3p	-0.0198340635037155	7.55750808963279	-0.196806418372773	0.844009022956066	0.93192662951399	-7.15710346096578
MIMAT0000089	hsa-miR-31-5p	-0.0329781768131099	7.16229632743662	-0.179899530150797	0.857258780891017	0.942628949942404	-7.16027197496905
MIMAT0005898	hsa-miR-1246	-0.0584056793131502	10.1665515338753	-0.175312471162296	0.860860732380979	0.942678074714708	-7.16108258642488
MIMAT0000256	hsa-miR-181a-5p	0.0338907679636788	9.45408340795306	0.16491523043771	0.869035703341041	0.946647020517852	-7.16284245160319
MIMAT0000226	hsa-miR-196a-5p	-0.0759103783337904	9.36834587974525	-0.160741278266874	0.872321527326685	0.946647020517852	-7.16351868974163
MIMAT0000271	hsa-miR-214-3p	-0.0373326312444036	10.9806786156777	-0.157084594174843	0.875201962365561	0.946647020517852	-7.16409687835283
MIMAT0000086	hsa-miR-29a-3p	-0.0216910019326626	13.7215081010754	-0.15004940424357	0.880748332388271	0.948773610093056	-7.16517185024187
MIMAT0000278	hsa-miR-221-3p	-0.0252707038212936	8.07526913326603	-0.137966269897251	0.890287907815099	0.955167188546564	-7.16690322084101
MIMAT0004514	hsa-miR-29b-1-5p	-0.0129057697480581	6.9618772841565	-0.130777102871555	0.895971365266575	0.957388757240493	-7.16786441591045
MIMAT0003299	hsa-miR-630	0.01438834245885	6.82845953930245	0.11487332962999	0.908562821595871	0.960789185292765	-7.16980804710996
MIMAT0000689	hsa-miR-99b-5p	-0.0204367562517618	8.36936653141337	-0.108918598469386	0.913283444296042	0.960789185292765	-7.17047103193668
MIMAT0000077	hsa-miR-22-3p	0.0170907842147763	14.1166099785329	0.102486601008328	0.918385858936766	0.960789185292765	-7.17114751819938
MIMAT0000414	hsa-let-7g-5p	-0.0261100888265382	10.9911573200696	-0.0954760302631637	0.923951075628746	0.960789185292765	-7.17183797179726
MIMAT0000063	hsa-let-7b-5p	-0.0153814184293903	15.6775851190694	-0.093150169005797	0.92579825630989	0.960789185292765	-7.17205623675751
MIMAT0004945	hsa-miR-744-5p	0.0081773804716363	6.68595393710531	0.0928037739663242	0.926073395029814	0.960789185292765	-7.17208828286904
MIMAT0000424	hsa-miR-128-3p	-0.0143465663471058	7.98198366656897	-0.0886992619165109	0.929334239881291	0.960789185292765	-7.17245891566498
MIMAT0000425	hsa-miR-130a-3p	0.0177297428913068	10.7049986664277	0.0870110202002516	0.930675817783545	0.960789185292765	-7.1726064966455
MIMAT0000062	hsa-let-7a-5p	-0.0244252046488214	13.5551272787293	-0.0829211056348521	0.933926718875342	0.960789185292765	-7.17295226757447
MIMAT0000257	hsa-miR-181b-5p	-0.0156720961865258	9.00933169239839	-0.0810556657108594	0.935409848322768	0.960789185292765	-7.17310444930289
MIMAT0004954	hsa-miR-543	0.00286530531852058	6.34115540358214	0.071805811410405	0.94276721721817	0.964590731759283	-7.17380789753071
MIMAT0000067	hsa-let-7f-5p	0.0236835235292929	11.1359499675879	0.0672523333260918	0.94639090663175	0.964590731759283	-7.17412291831809
MIMAT0000069	hsa-miR-16-5p	-0.00920062488568618	13.0646316445244	-0.0278109196341031	0.977817118675278	0.992802821643481	-7.17598829005945
MIMAT0000688	hsa-miR-301a-3p	-0.00423310968129886	9.24503001542016	-0.0178153286067986	0.985788841728127	0.995259663622724	-7.17621518466759
MIMAT0000617	hsa-miR-200c-3p	0.00266885840511577	9.23311150592202	0.0112942782273983	0.990990351022317	0.995259663622724	-7.17630962444154
MIMAT0000455	hsa-miR-185-5p	-0.00140973034274339	9.26513058708045	-0.0106503968275389	0.991503966778864	0.995259663622724	-7.17631665413061
MIMAT0004558	hsa-miR-181a-2-3p	9.63395651725207e-05	6.83052739418168	0.00116321569816389	0.999072062372938	0.999072062372938	-7.17637241390556
