	name	logFC	AveExpr	t	P.Value	adj.P.Val	B
MIMAT0005893	hsa-miR-1305	0.681050388715719	6.56406460272808	13.0022568894717	8.7438243817801e-37	2.31711346117173e-34	72.6224670458706
MIMAT0005942	hsa-miR-1288-3p	0.341835010430649	6.25603989142119	12.174784071787	1.19165853238089e-32	1.57894755540468e-30	63.1934986467053
MIMAT0000076	hsa-miR-21-5p	2.40724738244277	14.9254812206655	10.9022470905147	9.92762736755861e-27	8.76940417467677e-25	49.7057992501073
MIMAT0000250	hsa-miR-139-5p	-1.27573519746592	7.03291562022824	-9.69284917066076	1.28604526816093e-21	6.99713545372584e-20	38.0801372833065
MIMAT0005938	hsa-miR-1274b	1.5997588198924	11.8623791538976	9.69001119769209	1.32021423655205e-21	6.99713545372584e-20	38.0542694388613
MIMAT0002177	hsa-miR-486-5p	-1.82000007211599	7.51667910451561	-7.84292418811412	8.06997612841508e-15	3.56423945671666e-13	22.6741429035591
MIMAT0003233	hsa-miR-551b-3p	-1.69839067570165	7.83319432511594	-7.79395324196135	1.17343476846005e-14	4.44228876631303e-13	22.3067766832948
MIMAT0005911	hsa-miR-1260	1.15713417665699	10.4349702372042	7.06092509352033	2.47493950851172e-12	8.19823712194507e-11	17.063992612834
MIMAT0005954	hsa-miR-720	1.36699320755393	14.4856881354165	7.00921298664154	3.54576572857824e-12	1.04403102008137e-10	16.7124147346809
MIMAT0002820	hsa-miR-497-5p	-1.24513864004505	9.17150625740758	-6.7557383469895	1.9956045061953e-11	5.28835194141755e-10	15.0242762599909
MIMAT0005927	hsa-miR-1274a	1.0220039673756	8.94758318928112	6.38447280138048	2.25909061935754e-10	5.4423546739068e-09	12.6577306075887
MIMAT0000437	hsa-miR-145-5p	-1.37948190202648	10.2874316645683	-6.04985031162921	1.80909878617023e-09	3.99509315279259e-08	10.6336498109137
MIMAT0007890	hsa-miR-1914-3p	0.441907938811488	6.80684986045755	6.0104597845616	2.29572984142667e-09	4.67975698444668e-08	10.4022148171479
MIMAT0004614	hsa-miR-193a-5p	-0.926880982163502	8.42963711460541	-5.83976421032701	6.34112122603864e-09	1.20028366064303e-07	9.4160111512256
MIMAT0000732	hsa-miR-378a-3p	-0.658822666757963	6.91094956040422	-5.71105164148626	1.34048121524332e-08	2.3681834802632e-07	8.69035964997603
MIMAT0000646	hsa-miR-155-5p	1.2951816856626	8.66709455645901	5.34740183246419	1.02378989608785e-07	1.6956520153955e-06	6.7241868561852
MIMAT0000617	hsa-miR-200c-3p	1.22245172314496	8.96947616124768	5.27090540092752	1.54613645657851e-07	2.41015388819592e-06	6.32644735358456
MIMAT0003393	hsa-miR-425-5p	0.99709321516857	9.74272236504013	5.24851148858168	1.74268382255892e-07	2.56561784987841e-06	6.21105772194677
MIMAT0000752	hsa-miR-328-3p	-0.195176467052931	6.31614100795815	-5.1879090631004	2.40358274572362e-07	3.35236540850926e-06	5.90116945137202
MIMAT0000261	hsa-miR-183-5p	1.40184830304184	9.41564627355757	5.1648112835775	2.71453539359837e-07	3.43041236771697e-06	5.78397496046835
MIMAT0000318	hsa-miR-200b-3p	1.62926098342177	11.9156481872134	5.16453783499908	2.71843998951156e-07	3.43041236771697e-06	5.78259055238369
MIMAT0000691	hsa-miR-130b-3p	0.826645093039	9.03993880694124	4.82602306130452	1.52824337223454e-06	1.84083860746433e-05	4.12321248324675
MIMAT0000432	hsa-miR-141-3p	1.35228001603536	10.998633789289	4.71492549619799	2.63212474201989e-06	3.03266546363161e-05	3.60240037529231
MIMAT0001536	hsa-miR-429	1.19880368628892	9.35689619076645	4.59415275735909	4.69220442084018e-06	5.1809757146777e-05	3.049611231537
MIMAT0004552	hsa-miR-139-3p	-0.285665632694873	6.63875918019619	-4.5451126802844	5.91094465558436e-06	6.26560133491942e-05	2.82913506028049
MIMAT0000095	hsa-miR-96-5p	1.42626621177129	9.73003339426743	4.52711659175994	6.43005457460454e-06	6.55370947027001e-05	2.74880555022766
MIMAT0000434	hsa-miR-142-3p	1.42314171113557	11.5599192960315	4.47918565867161	8.03433289486205e-06	7.88554895236461e-05	2.53637014621926
MIMAT0004599	hsa-miR-143-5p	-0.303373932107739	6.65009515916483	-4.4276545719963	1.01841291653886e-05	9.6385508172428e-05	2.31043722575959
MIMAT0004494	hsa-miR-21-3p	0.947691919761338	8.8941789669405	4.35314192300248	1.42869553840279e-05	0.000130553212991979	1.9882538837646
MIMAT0000243	hsa-miR-148a-3p	1.06702993041715	10.2321036516171	4.23301510982312	2.43931269652292e-05	0.000215472621526191	1.48008374104479
MIMAT0004597	hsa-miR-140-3p	-0.631408229156868	9.38305913333397	-4.21531408017948	2.63640815886947e-05	0.0002253703748711	1.406377928098
MIMAT0000433	hsa-miR-142-5p	0.997006128679779	8.27830100834238	4.14277554646654	3.6139973843125e-05	0.000299284158388379	1.10748755949904
MIMAT0000097	hsa-miR-99a-5p	-1.18950091038505	10.8783575029091	-4.11707859145876	4.03650688905572e-05	0.000324143735030232	1.00282230544946
MIMAT0000063	hsa-let-7b-5p	-0.694422422384832	15.5293851252363	-4.09447867748133	4.44649305534059e-05	0.000339297098050686	0.911298213775998
MIMAT0000064	hsa-let-7c-5p	-0.694648731247787	13.5626536414704	-4.09265310459879	4.48128242708453e-05	0.000339297098050686	0.903926616375001
MIMAT0000682	hsa-miR-200a-3p	1.24269929806786	10.4963574708582	4.01058604818986	6.34130777373525e-05	0.000466790711122178	0.575867919438378
MIMAT0000736	hsa-miR-381-3p	-0.587360536425625	7.32068191061008	-4.00043679443045	6.61664553973515e-05	0.000473894883251302	0.535749054305111
MIMAT0005901	hsa-miR-1249-3p	-0.50894857010219	7.18475937883214	-3.79622163440247	0.000152506212877142	0.00106353016874849	-0.250306171379185
MIMAT0000435	hsa-miR-143-3p	-0.764813396969305	8.54037762665586	-3.72793185615389	0.000199909010251345	0.0013583560952976	-0.504145830000118
MIMAT0004603	hsa-miR-125b-2-3p	-0.441560419797817	7.07859561777273	-3.70442328469249	0.000219212380652177	0.00145228202182067	-0.59048215038238
MIMAT0002872	hsa-miR-501-5p	0.167486774031394	6.35216892927499	3.66040364015298	0.000260154603928259	0.00168148707417045	-0.750702829067932
MIMAT0003237	hsa-miR-572	-0.557630760731538	7.51779934141069	-3.64929613711031	0.000271565125994721	0.00171344662830003	-0.790833946784413
MIMAT0005792	hsa-miR-320b	-0.618403215790481	10.6484960799054	-3.54426646809814	0.00040524200178153	0.00245020596525255	-1.16437339457659
MIMAT0000265	hsa-miR-204-5p	-0.438513572938453	6.57982679362797	-3.54030304891574	0.000411327947945646	0.00245020596525255	-1.17825922300842
MIMAT0000760	hsa-miR-331-3p	0.488801742064249	9.72634717742887	3.53597934588655	0.000418064518276766	0.00245020596525255	-1.19338986703685
MIMAT0006764	hsa-miR-320d	-0.553535008042569	11.2520473269699	-3.53139560890649	0.000425318771326857	0.00245020596525255	-1.2094106190024
MIMAT0004682	hsa-miR-361-3p	0.403327514574905	8.24704019714778	3.48269380903686	0.000510008793157594	0.00287558149333537	-1.37836633361117
MIMAT0002819	hsa-miR-193b-3p	-0.676690505535912	10.3827625196775	-3.47429874055271	0.000526109523301045	0.00290456299322452	-1.40725699231378
MIMAT0004767	hsa-miR-193b-5p	-0.271140741604967	6.77799059473659	-3.46324554149234	0.000548031840981427	0.00296384567061384	-1.44519058944197
MIMAT0002816	hsa-miR-494-3p	1.26185341249797	10.0451296933191	3.43810575561775	0.000601103329490017	0.00313445566989158	-1.53102480389464
MIMAT0000074	hsa-miR-19b-3p	0.568404355593653	10.1671182754503	3.43713987001713	0.000603234864771586	0.00313445566989158	-1.53431031887246
MIMAT0004694	hsa-miR-342-5p	0.766744266375377	8.79267006048888	3.42014495698546	0.000641910681733315	0.00327127558960247	-1.59197071816635
MIMAT0000728	hsa-miR-375	1.3734703130648	9.04133112779657	3.34525181212664	0.000841460771163115	0.00420730385581557	-1.84271308144405
MIMAT0000680	hsa-miR-106b-5p	0.482856102601586	11.6648093696172	3.33325068040352	0.000878342997938572	0.00431038693432818	-1.88238420775807
MIMAT0005793	hsa-miR-320c	-0.48628000862765	10.7647150754132	-3.30203833291897	0.000981406188554582	0.0047285934539448	-1.98490196625644
MIMAT0004557	hsa-miR-34a-3p	0.208071872935354	6.5481635551957	3.22229310755786	0.00129776388260383	0.00614120408732168	-2.24250667366098
MIMAT0004601	hsa-miR-145-3p	-0.397370771900278	7.17350792022542	-3.21045886744264	0.00135203535256281	0.00628577839349375	-2.28020590498791
MIMAT0000753	hsa-miR-342-3p	0.85250910034723	10.3118010615516	3.2036857088789	0.00138403220751552	0.00632359543088988	-2.30172092656175
MIMAT0000447	hsa-miR-134-5p	-0.368674094905808	7.20281312588377	-3.13453645339812	0.00175311587801667	0.00775557603790321	-2.51880761585288
MIMAT0000759	hsa-miR-148b-3p	0.425307335649571	9.08032694104696	3.13405454556221	0.00175597948027997	0.00775557603790321	-2.52030410307256
MIMAT0000098	hsa-miR-100-5p	-0.753564734094081	10.1868713572392	-3.12571164739248	0.00180624209568624	0.00784678943207958	-2.54617561230427
MIMAT0000765	hsa-miR-335-5p	-0.603701648920136	7.26570044891902	-3.06907471288713	0.00218399063465772	0.00933479868039188	-2.72000707427703
MIMAT0000449	hsa-miR-146a-5p	0.69960494047169	9.11792193528796	2.98090658696151	0.00291816911703555	0.0122748383494353	-2.98436354947319
MIMAT0000436	hsa-miR-144-3p	-0.795989611023077	7.74148883042989	-2.93334275840498	0.00340196330050665	0.0140862542911604	-3.12381183395572
MIMAT0001631	hsa-miR-451	-1.28998174915283	12.092034928533	-2.90778510485385	0.00369110888666757	0.0150483669994909	-3.19782583215075
MIMAT0003308	hsa-miR-638	-0.675532946752895	10.0675873432584	-2.87859812718622	0.00404854794297387	0.0162555334073951	-3.2815664990036
MIMAT0004571	hsa-miR-200b-5p	0.441029824097561	7.36055586811062	2.86897712524217	0.00417309093825277	0.0165055089348804	-3.30898703968468
MIMAT0000093	hsa-miR-93-5p	0.405543915550386	10.3025912387197	2.82802549685547	0.00474305754504843	0.0184839742564387	-3.42468574187476
MIMAT0000267	hsa-miR-210-3p	0.776846191263633	9.54433905149133	2.76679297546978	0.00572744835884698	0.0219967219578906	-3.59461124276792
MIMAT0005898	hsa-miR-1246	0.885873862549578	9.89895245082938	2.73341145397805	0.0063385439351561	0.0239959163259481	-3.68569649097727
MIMAT0004795	hsa-miR-574-5p	0.534643368836951	8.79199280335803	2.727115580415	0.00646017481587212	0.0240618751739377	-3.70275274893138
MIMAT0000424	hsa-miR-128-3p	0.410948789494737	7.78269033710522	2.7231649849025	0.00653756608499441	0.0240618751739377	-3.71343548120849
MIMAT0000077	hsa-miR-22-3p	-0.457085604202495	13.792238789432	-2.71637150065283	0.0066726026182082	0.024222461559249	-3.73176974456044
MIMAT0000070	hsa-miR-17-5p	0.485990603408714	8.80970641251732	2.69859236538558	0.00703796274587749	0.0251981951413752	-3.77953736412954
MIMAT0002174	hsa-miR-484	0.178779313598491	6.7580189362258	2.69417122090164	0.00713156466265335	0.0251981951413752	-3.79136750960516
MIMAT0000257	hsa-miR-181b-5p	0.481805616382491	8.77442131791366	2.67463455374903	0.00755871617465354	0.0263560498195156	-3.84341382035186
MIMAT0000281	hsa-miR-224-5p	-0.740764306280417	7.31771812605145	-2.64315972177577	0.00829532873610898	0.0285488586372582	-3.92647428356962
MIMAT0000227	hsa-miR-197-3p	-0.417105707415797	7.85346290077302	-2.59969910751425	0.00941802175531627	0.0319971251943438	-4.03956267637172
MIMAT0000271	hsa-miR-214-3p	-0.577252935968285	10.8486434352814	-2.5796188919697	0.00998113294825244	0.0334810155859101	-4.09118538805375
MIMAT0004683	hsa-miR-362-3p	0.334489913246435	7.38694860249752	2.57143221911531	0.0102191969899133	0.0338510900290879	-4.11211799713013
MIMAT0002809	hsa-miR-146b-5p	0.614773671733767	9.24596576984793	2.53543899465219	0.0113269536710431	0.0370573175657583	-4.20336675506288
MIMAT0003322	hsa-miR-652-3p	-0.338397056835132	7.52636043303402	-2.493419084259	0.0127541944838722	0.0412178236369039	-4.3082800235856
MIMAT0000423	hsa-miR-125b-5p	-0.586866409284418	12.9477489402412	-2.46886600667524	0.0136599757198207	0.0436131754909937	-4.36877782855896
MIMAT0000733	hsa-miR-379-5p	-0.348740452986315	7.30904600741099	-2.46423778630872	0.0138369468439677	0.0436522727815647	-4.38011504015865
MIMAT0000418	hsa-miR-23b-3p	-0.413117088827517	10.1739787814216	-2.45516083102874	0.01418991937214	0.0442391603954952	-4.40228850240113
MIMAT0004780	hsa-miR-532-3p	0.194259020668824	6.95052906864633	2.43601189734973	0.0149607439104388	0.0460999667007706	-4.44879975311644
MIMAT0000088	hsa-miR-30a-3p	-0.66740656902984	9.2067756333507	-2.38894578878074	0.0170142480405256	0.0512034238517577	-4.56158351461596
MIMAT0004955	hsa-miR-374b-5p	0.317317153607802	7.4168399789447	2.38416654653032	0.0172360107379138	0.0512034238517577	-4.57291377862936
MIMAT0000461	hsa-miR-195-5p	-0.70854988087167	10.4303946556959	-2.38354811162945	0.0172648915169169	0.0512034238517577	-4.57437827108237
MIMAT0000086	hsa-miR-29a-3p	-0.344477168659633	13.4463282436253	-2.37854786862364	0.0174999664129741	0.0512034238517577	-4.58620530515072
MIMAT0000688	hsa-miR-301a-3p	0.522491884826485	8.95252418760201	2.37267395022012	0.017779699073742	0.0512034238517577	-4.60006733918069
MIMAT0000510	hsa-miR-320a	-0.360511358005094	9.2488714676048	-2.36980033380985	0.0179179719309543	0.0512034238517577	-4.60683647562993
MIMAT0004761	hsa-miR-483-5p	-0.441866220122879	7.70573379863177	-2.36873436674939	0.0179695034649565	0.0512034238517577	-4.60934541358796
MIMAT0000092	hsa-miR-92a-3p	-0.435186020214839	8.91761951447317	-2.35067474638818	0.0188625126032103	0.0530036648554451	-4.65168150897217
MIMAT0000459	hsa-miR-193a-3p	-0.346564661259101	8.02627063254423	-2.34793526214066	0.019001313816103	0.0530036648554451	-4.65807541621906
MIMAT0005865	hsa-miR-1202	-0.726949212318001	11.2997920564771	-2.27446321046481	0.023072520688513	0.0636897706505828	-4.82679536207947
MIMAT0003885	hsa-miR-454-3p	0.416081940147983	7.37406850079631	2.22981412320873	0.0259006919238581	0.0707596222662104	-4.92672386561071
MIMAT0000073	hsa-miR-19a-3p	0.433049598252576	9.29081858754097	2.21721015174938	0.0267514698145232	0.0723381581719249	-4.95457636438231
MIMAT0000425	hsa-miR-130a-3p	-0.432691813787462	10.5570734516748	-2.20735145310372	0.0274336753513529	0.0734335754354395	-4.97625295023645
MIMAT0002173	hsa-miR-483-3p	-0.163215336937115	6.38252241797201	-2.19530359776356	0.0282877198389159	0.0749624575731271	-5.00261255052056
MIMAT0000222	hsa-miR-192-5p	0.443342829272171	8.04023940008042	2.1878372363703	0.0288284222171251	0.0756389295795857	-5.01887630149029
MIMAT0000101	hsa-miR-103a-3p	0.290625782277155	12.419752889664	2.1664169664467	0.0304293442308089	0.0788498555475352	-5.06522979125806
MIMAT0000710	hsa-miR-365a-3p	-0.451951003406911	9.4157620227778	-2.16357612166335	0.030647302344891	0.0788498555475352	-5.07134333513592
MIMAT0000431	hsa-miR-140-5p	-0.364904763366852	9.98079926611106	-2.1309025182066	0.0332521401929398	0.0847290110685486	-5.14108413510788
MIMAT0004558	hsa-miR-181a-2-3p	0.163829387193793	6.73352352389779	2.10853585402955	0.0351426911784821	0.0878506154652483	-5.18821674913747
MIMAT0000252	hsa-miR-7-5p	0.585072463900594	7.79067575479418	2.10576849085403	0.0353828682706212	0.0878506154652483	-5.19401395567762
MIMAT0004673	hsa-miR-29c-5p	-0.414424351415955	8.66544686550759	-2.10340843615077	0.0355888017397317	0.0878506154652483	-5.1989519315033
MIMAT0000720	hsa-miR-376c-3p	-0.407301027748258	8.2258267336999	-2.09742038778509	0.0361159042630347	0.0878506154652483	-5.21145610093395
MIMAT0001618	hsa-miR-191-3p	-0.0935817072090277	6.45051875184377	-2.09549819844358	0.0362865127558896	0.0878506154652483	-5.21546247740262
MIMAT0000445	hsa-miR-126-3p	-0.533065358992204	9.43987586457774	-2.09348099683112	0.0364662932119899	0.0878506154652483	-5.21966295774695
MIMAT0001412	hsa-miR-18b-5p	0.300343505911176	7.13683013014711	2.08590911407688	0.0371479208450037	0.0886864776930269	-5.23539422783296
MIMAT0003221	hsa-miR-557	-0.151354345737414	6.61469699109941	-2.04595673567	0.0409268950191134	0.0961169900542334	-5.31746019183411
MIMAT0000452	hsa-miR-154-5p	-0.201896062337264	6.87093642196019	-2.045359874106	0.0409857353816165	0.0961169900542334	-5.31867423495511
MIMAT0001080	hsa-miR-196b-5p	-0.36515839080132	7.75491457472612	-2.03000989832172	0.042523813870931	0.0988492164543571	-5.34977571973268
MIMAT0000254	hsa-miR-10b-5p	-0.614337668488627	10.0067458259698	-2.01577025835629	0.0439940499299177	0.101377593316767	-5.37841910409054
MIMAT0002821	hsa-miR-181d-5p	0.256299399625124	7.32829702640851	2.00501848371009	0.0451324263099521	0.103104249759804	-5.399913656675
MIMAT0000072	hsa-miR-18a-5p	0.332223006185748	7.29348002878611	1.98486227140338	0.0473335554067976	0.107208480194883	-5.43990103752743
MIMAT0000278	hsa-miR-221-3p	0.342643104742278	7.9340789626865	1.96370984974851	0.0497399514163059	0.111704128180687	-5.4814324770873
MIMAT0000703	hsa-miR-361-5p	-0.22111586039389	9.99961285661738	-1.95319835614932	0.0509734802389391	0.113512371960663	-5.50190643952363
MIMAT0000226	hsa-miR-196a-5p	0.855443873687256	9.02349638019902	1.94741943281557	0.0516624956289975	0.114088011180703	-5.51311586178071
MIMAT0000687	hsa-miR-299-3p	-0.130458350896396	6.50353503252879	-1.93673597661786	0.052956818536532	0.11542595569499	-5.53375160606034
MIMAT0000245	hsa-miR-30d-5p	-0.394366775572329	10.1732007340677	-1.93524577752422	0.0531394965841085	0.11542595569499	-5.53662103785871
MIMAT0000729	hsa-miR-376a-3p	-0.365590954228579	8.08501339728977	-1.92694475639659	0.0541667573335242	0.116700737344585	-5.55256472493104
MIMAT0000280	hsa-miR-223-3p	0.53831147579986	10.157099845418	1.89930574382734	0.0577073828485121	0.123326261732707	-5.60515900955114
MIMAT0000081	hsa-miR-25-3p	0.265137638205761	8.72888990752727	1.89182623919236	0.0586979737501491	0.124439704350316	-5.61926173134967
MIMAT0004784	hsa-miR-455-3p	0.404501330325587	8.45669540356226	1.88246654600227	0.0599574475135426	0.126100980881657	-5.63683154749246
MIMAT0000455	hsa-miR-185-5p	0.24547460068459	9.05166741323934	1.86881938869628	0.061833989002271	0.129023677839384	-5.66229424227792
MIMAT0000084	hsa-miR-27a-3p	-0.293377630126374	13.0427602724224	-1.85386098962613	0.0639464590595973	0.132389153521822	-5.68999155689543
MIMAT0000451	hsa-miR-150-5p	0.657513065385559	10.6639116382438	1.84820221514851	0.0647610066031795	0.133036176355369	-5.70041169863167
MIMAT0004484	hsa-let-7d-3p	-0.0498062931284977	6.24754947099039	-1.83633789597794	0.0664966378930242	0.135550838781934	-5.72215585068434
MIMAT0000087	hsa-miR-30a-5p	-0.586975445652877	10.5765517873591	-1.80115931536762	0.0718695484697671	0.144919388654908	-5.78580917994924
MIMAT0000089	hsa-miR-31-5p	0.31899521820278	7.06823885933918	1.79915393406781	0.0721862615186714	0.144919388654908	-5.78940084735627
MIMAT0002876	hsa-miR-505-3p	0.172872302413354	7.16818269478042	1.79410109391624	0.0729893397511871	0.14542988747417	-5.79843289001397
MIMAT0000094	hsa-miR-95-3p	0.264312856405675	6.96204448267104	1.77915367191234	0.0754079535424707	0.148942967979575	-5.82500356386667
MIMAT0000762	hsa-miR-324-3p	-0.23260042151716	8.99764544798564	-1.7763027772399	0.0758766063292176	0.148942967979575	-5.83004619996444
MIMAT0000685	hsa-miR-34b-5p	0.268133214746064	8.24997394354064	1.73713989783483	0.0825585541966405	0.159911404113233	-5.89850180966347
MIMAT0004605	hsa-miR-129-3p	-0.10336545602757	6.44069923163558	-1.73650224336263	0.0826711787302375	0.159911404113233	-5.89960383456088
MIMAT0002874	hsa-miR-503-5p	0.231334890326581	7.0998822749882	1.71978919438131	0.085667803705532	0.163873992958288	-5.92834439757817
MIMAT0003294	hsa-miR-625-5p	0.321271054136526	7.53656290685048	1.71820391576942	0.0859565472498192	0.163873992958288	-5.93105614096202
MIMAT0003150	hsa-miR-455-5p	0.188903847024224	6.89485328340271	1.66737489777306	0.0956392738906418	0.181031482721572	-6.01668245097063
MIMAT0002813	hsa-miR-493-5p	0.143631697323135	6.51788419287145	1.66167722906652	0.0967771058821589	0.181886050062214	-6.0261210348086
MIMAT0004674	hsa-miR-30c-1-3p	0.076883558725128	6.57378091027952	1.65289602992973	0.0985519176401235	0.183917311088963	-6.04060465599616
MIMAT0000727	hsa-miR-374a-5p	0.349762245137573	7.93315477563058	1.62391295232282	0.104595081756909	0.193830046612454	-6.08786626740581
MIMAT0000446	hsa-miR-127-3p	-0.293174798307189	7.99986251706423	-1.60802965502917	0.108029702363738	0.198804660599934	-6.11341312432683
MIMAT0000414	hsa-let-7g-5p	0.433478549617707	10.7773335617655	1.58916572436234	0.112224279023556	0.20383585131244	-6.14342893023704
MIMAT0004945	hsa-miR-744-5p	0.129265304339212	6.59596031845468	1.58882142076504	0.112302016194778	0.20383585131244	-6.14397349664145
MIMAT0001341	hsa-miR-424-5p	0.439000093202403	8.84658888484051	1.56930064316201	0.11677936527526	0.210520624475808	-6.17465607614563
MIMAT0005796	hsa-miR-1271-5p	-0.116062912015655	6.75630339641632	-1.54935914753729	0.121496906465442	0.217545136576636	-6.2056095026274
MIMAT0001413	hsa-miR-20b-5p	0.342169008003295	9.16523869149503	1.52776330236576	0.126772703013693	0.225443207377413	-6.23868571820025
MIMAT0003888	hsa-miR-766-3p	0.0843929040990146	6.87296281791172	1.52325939786797	0.127895164165613	0.225443207377413	-6.2455255678435
MIMAT0003338	hsa-miR-660-5p	0.271772042920594	8.52811902007619	1.52100424310172	0.128460091750903	0.225443207377413	-6.2489427915562
MIMAT0004568	hsa-miR-221-5p	0.173062458369943	6.78143467946674	1.51009382609508	0.131220663298108	0.228772866934202	-6.26540399836352
MIMAT0000082	hsa-miR-26a-5p	-0.249551073441075	10.820891049991	-1.49324301485433	0.135574469109236	0.234818524927761	-6.29059565841552
MIMAT0000244	hsa-miR-30c-5p	-0.2769458439614	9.9203178623211	-1.48457631368303	0.137856787550138	0.237221095459652	-6.30344245025422
MIMAT0004689	hsa-miR-377-5p	-0.0647002110643351	6.31325377175824	-1.38728162901726	0.165552750761145	0.282222661290349	-6.44254557730564
MIMAT0000069	hsa-miR-16-5p	0.446118145196516	12.7495399416753	1.3853617441533	0.166138623250168	0.282222661290349	-6.44519586785973
MIMAT0000100	hsa-miR-29b-3p	0.329742096392108	9.30097322277253	1.3669603070507	0.171833398550661	0.290037265069586	-6.47041226530208
MIMAT0000255	hsa-miR-34a-5p	0.204203186486811	12.6594595830052	1.3551109926211	0.175577088811209	0.294480560347914	-6.48647192217415
MIMAT0004606	hsa-miR-136-3p	-0.123693974345064	6.69252735807656	-1.34119829242288	0.180050023898291	0.300083373163818	-6.50515009316718
MIMAT0003945	hsa-miR-765	0.142187821914686	6.75806744813808	1.31995764718627	0.187041536267322	0.309787544442752	-6.53329528925993
MIMAT0002890	hsa-miR-299-5p	-0.17031162751617	6.85771147569811	-1.31522177143676	0.188627389335022	0.310473653253297	-6.53950950468882
MIMAT0003228	hsa-miR-564	0.0464853323447114	6.31452467982356	1.29562492331345	0.195295150236335	0.319464288966844	-6.56498673639381
MIMAT0003326	hsa-miR-663	0.277487566522247	7.98269033138259	1.27618182908603	0.202079963260032	0.328534909594531	-6.58988691013823
MIMAT0002805	hsa-miR-489-3p	-0.172075090780392	6.5637644170036	-1.2705419102286	0.204079862872331	0.328692943537176	-6.59703948283553
MIMAT0005949	hsa-miR-664	0.0703576654468456	6.5546276306864	1.26891937515996	0.204657870504279	0.328692943537176	-6.59909133392562
MIMAT0004600	hsa-miR-144-5p	-0.192108589235564	6.58975661853966	-1.26367009266778	0.206536024031137	0.329570640043305	-6.60571162838994
MIMAT0003299	hsa-miR-630	0.162802339178054	6.78276785759211	1.25878123899742	0.20829645584834	0.329570640043305	-6.61185272532154
MIMAT0004504	hsa-miR-31-3p	0.219010959180434	6.83171310244066	1.25589009427078	0.209342640821215	0.329570640043305	-6.61547323655497
MIMAT0000730	hsa-miR-377-3p	-0.240459213382691	8.06093553923054	-1.25249016023216	0.210577803113443	0.329570640043305	-6.61972026227698
MIMAT0004695	hsa-miR-337-5p	-0.135494266377869	6.8523169396759	-1.25017285873085	0.211422674744762	0.329570640043305	-6.62260833371881
MIMAT0003258	hsa-miR-590-5p	0.276361188216248	8.59476403938184	1.21456094069023	0.224716196417067	0.348244397956273	-6.66632040368542
MIMAT0004982	hsa-miR-939-5p	-0.181032025033582	7.5263981252717	-1.18693435621104	0.235433037895658	0.362731133967147	-6.69936240106098
MIMAT0000460	hsa-miR-194-5p	0.128197922887145	7.26582987609062	1.15915195408407	0.246570479933722	0.37769466579443	-6.73182545490513
MIMAT0000083	hsa-miR-26b-5p	0.419937944007756	9.95638391598913	1.15514104865886	0.248208407530265	0.377765742345172	-6.73644869750222
MIMAT0004774	hsa-miR-501-3p	0.0760425016932746	6.67168164903091	1.15206932863803	0.249467943058133	0.377765742345172	-6.73997855370472
MIMAT0003239	hsa-miR-574-3p	0.167868719887469	7.85858645327267	1.14727125285704	0.251444291906304	0.378595098608923	-6.74547347034992
MIMAT0000096	hsa-miR-98-5p	0.282206325539327	8.44689933564085	1.10994683359008	0.267191872895056	0.40003303004062	-6.78743685357394
MIMAT0005593	hsa-miR-1238-3p	-0.051035646351246	6.51671790252733	-1.10440625343229	0.269586141862085	0.401350155019396	-6.79354795389643
MIMAT0004814	hsa-miR-654-3p	-0.1339743717309	6.98972564363538	-1.08805876334567	0.276736128814333	0.409693151596639	-6.81140081088223
MIMAT0000075	hsa-miR-20a-5p	0.267777661714131	11.2198998018467	1.02911338402404	0.303584877974337	0.446944403684441	-6.87356670547518
MIMAT0000104	hsa-miR-107	0.151627086104449	10.0310490902661	0.994708919882822	0.32003110107598	0.468553822017319	-6.90825319825752
MIMAT0000080	hsa-miR-24-3p	-0.117648809991397	11.9146872837685	-0.982078531202227	0.326212439681025	0.47497965118391	-6.92069155547045
MIMAT0000253	hsa-miR-10a-5p	-0.332083751188769	8.7071737236902	-0.971171343344306	0.331612522391888	0.480203925868035	-6.93130517096855
MIMAT0000420	hsa-miR-30b-5p	0.179154081725207	9.43390473446818	0.964497039857176	0.334945293566664	0.48239403693025	-6.93774144321455
MIMAT0002888	hsa-miR-532-5p	0.118616259286515	8.01355648462626	0.960470142955689	0.336966510638046	0.482681758481526	-6.94160328259384
MIMAT0000457	hsa-miR-188-5p	0.113994824970352	7.15729279758722	0.936481743297433	0.349169202387976	0.497472250714052	-6.9642740042309
MIMAT0002171	hsa-miR-410-3p	-0.0919812781438063	6.76258028315551	-0.923931617948058	0.355663865041883	0.501679374079211	-6.97590655125587
MIMAT0004493	hsa-miR-20a-3p	0.114716954179412	7.0706863994395	0.923461954784978	0.355908386139214	0.501679374079211	-6.9763388326959
MIMAT0000426	hsa-miR-132-3p	-0.100079300747018	7.46928561995217	-0.91450356228549	0.360592701431539	0.505592941160624	-6.984542168926
MIMAT0005948	hsa-miR-664*	0.0997812108191569	6.96379360195748	0.906526750571663	0.364796188147592	0.50879468346901	-6.99177942403722
MIMAT0000275	hsa-miR-218-5p	-0.157043257327262	7.50406529385891	-0.883388993172431	0.3771613522688	0.523286692938388	-7.01241368774008
MIMAT0000067	hsa-let-7f-5p	0.302718166580208	10.9548350627424	0.877770844894631	0.380202362080186	0.52475846849609	-7.0173435435034
MIMAT0001627	hsa-miR-433-3p	0.0200414922477457	6.20700527161862	0.864649232997409	0.387363400254333	0.531872026255949	-7.02873519897902
MIMAT0000078	hsa-miR-23a-3p	-0.140918703089886	13.2723339433841	-0.854677924383378	0.392859843145348	0.532255847029233	-7.03727726684517
MIMAT0000263	hsa-miR-199b-5p	-0.244835078194708	8.51088273592194	-0.852053432769903	0.394314358374154	0.532255847029233	-7.03950912039254
MIMAT0005939	hsa-miR-1281	0.0361151317143706	6.41978398652062	0.8499881544544	0.395461242867506	0.532255847029233	-7.04126060045351
MIMAT0000689	hsa-miR-99b-5p	-0.15143191198021	8.24728491770226	-0.849600051364899	0.395676988168902	0.532255847029233	-7.04158926119658
MIMAT0003330	hsa-miR-654-5p	-0.0262868832697123	6.28565226598179	-0.841486228997789	0.40020371851492	0.535626188921484	-7.04842602035309
MIMAT0004589	hsa-miR-30b-3p	-0.0649952863419747	6.90702455941092	-0.835900905479218	0.403337820859383	0.53570324906005	-7.05309416026137
MIMAT0003329	hsa-miR-411-5p	-0.0454456350443824	6.34046182848344	-0.834183718099324	0.404304338913246	0.53570324906005	-7.05452312030521
MIMAT0000755	hsa-miR-323-3p	-0.0268139965766183	6.23930295518427	-0.825074368628007	0.409454684371225	0.539828315215795	-7.06205438169465
MIMAT0002175	hsa-miR-485-5p	-0.0326205865164173	6.28786054636817	-0.820372613886123	0.41212822965475	0.540663271576776	-7.06590928464842
MIMAT0005929	hsa-miR-1275	-0.163067082598638	8.20297110052521	-0.796700523696059	0.425745410976216	0.555776029106883	-7.08498330482543
MIMAT0004911	hsa-miR-874-3p	0.0587411402303344	7.29964741561146	0.744856493364273	0.456469935096789	0.592963396081614	-7.1248078399202
MIMAT0004951	hsa-miR-887-3p	0.0891202492088485	6.69668268926159	0.730079908813854	0.465450235859744	0.599456570955781	-7.13566844032569
MIMAT0004550	hsa-miR-30c-2-3p	-0.109255245897417	7.21551824142419	-0.729192506229946	0.465992655158079	0.599456570955781	-7.13631374787041
MIMAT0003886	hsa-miR-769-5p	-0.0733679692336411	7.65754166830406	-0.682796038919309	0.494836445962954	0.633486271401849	-7.16896012829845
MIMAT0004514	hsa-miR-29b-1-5p	0.0603765309583464	6.86997357721552	0.634872991839037	0.525603739280291	0.669639379371524	-7.2004294630982
MIMAT0000256	hsa-miR-181a-5p	0.122039763625349	9.28289019732451	0.625137327948678	0.531971757845122	0.674509645114628	-7.20654292116784
MIMAT0000419	hsa-miR-27b-3p	-0.110426365128587	9.94515820837328	-0.609929888282162	0.541996498581409	0.683947962495588	-7.21590340436055
MIMAT0003389	hsa-miR-542-3p	0.0900153855933867	7.18703921192	0.600614917314141	0.548183171398828	0.688476494884784	-7.2215231688616
MIMAT0000737	hsa-miR-382-5p	0.0528070937525706	6.71696377082731	0.589208789885982	0.555805972159582	0.694757465199478	-7.22828680175029
MIMAT0000705	hsa-miR-362-5p	0.0767060377269191	7.92938537553559	0.57522491498121	0.565221602172556	0.703209974533931	-7.23640212139787
MIMAT0002817	hsa-miR-495-3p	-0.0405260963523482	6.49618813288825	-0.535002419987472	0.592723930221179	0.733980567797254	-7.25865840827322
MIMAT0004762	hsa-miR-486-3p	-0.0296677888139536	6.25236606209311	-0.527503493785091	0.597918509186474	0.736969325276352	-7.26262949640853
MIMAT0000456	hsa-miR-186-5p	0.0583304186596871	8.11557049030037	0.51183038078238	0.608841692511743	0.746958557942648	-7.27074831436304
MIMAT0003180	hsa-miR-487b-3p	-0.0512660049180589	6.82337876593274	-0.487148577638621	0.62622103456195	0.764739973082566	-7.28303745071902
MIMAT0004775	hsa-miR-502-3p	0.0405205959497854	7.30916932822933	0.481671976143038	0.630106103125347	0.765954666643197	-7.28568197025958
MIMAT0003163	hsa-miR-539-5p	-0.0309735690942796	6.51874720283274	-0.467374680861603	0.640296679533308	0.774788219526605	-7.29244492319998
MIMAT0000099	hsa-miR-101-3p	-0.081353516013329	8.86247154118912	-0.460724102118665	0.645060356216666	0.777004519988257	-7.29552138337461
MIMAT0000443	hsa-miR-125a-5p	0.0822819204308711	9.47151980360219	0.449651315266527	0.653023937438468	0.783037753037076	-7.30054570429822
MIMAT0000085	hsa-miR-28-5p	0.0709725303400877	8.03986372000241	0.431249547844527	0.666346122874008	0.795413164691947	-7.30862530932834
MIMAT0004697	hsa-miR-151-5p	-0.0777413108667622	8.75812908309211	-0.424591396078395	0.671192730212533	0.797605710790678	-7.3114655382666
MIMAT0003340	hsa-miR-542-5p	0.060655842980311	7.40885926561173	0.402402695127813	0.687442454527431	0.813268975222184	-7.32061181250385
MIMAT0004587	hsa-miR-23b-5p	0.0229931193885671	6.48870046490242	0.392398424843458	0.69481710162832	0.817427161095154	-7.32457511729369
MIMAT0000416	hsa-miR-1-3p	0.0534381413438174	6.59210603089501	0.389273578079161	0.69712656002832	0.817427161095154	-7.325792615444
MIMAT0000442	hsa-miR-9-3p	-0.0807816070360214	6.8438542691461	-0.373432509153455	0.708876972779365	0.82754360258384	-7.331814864877
MIMAT0004748	hsa-miR-423-5p	0.0301644261991152	7.45312465479535	0.340195549817545	0.733754768684038	0.852829007461711	-7.34363752527545
MIMAT0000693	hsa-miR-30e-3p	-0.0540155600021786	8.37835571742237	-0.330486436586398	0.741076525710065	0.857116123276048	-7.34688333019875
MIMAT0000707	hsa-miR-363-3p	0.0866686320315573	7.81692467209884	0.32527908070134	0.745013193850159	0.857116123276048	-7.34858546291724
MIMAT0001638	hsa-miR-409-5p	0.0204435725249876	6.44077452522051	0.322460862532082	0.747146507459499	0.857116123276048	-7.34949538373413
MIMAT0003879	hsa-miR-758-3p	0.0244068649993894	6.61313603053703	0.277269101287333	0.781609977542899	0.887070299990111	-7.36300513462385
MIMAT0000065	hsa-let-7d-5p	0.0607105456097372	9.75101865210168	0.27206586148598	0.78560714368785	0.887070299990111	-7.3644299138244
MIMAT0000258	hsa-miR-181c-5p	0.0438951513012142	7.76479812464308	0.269188263057323	0.787820175033778	0.887070299990111	-7.36520628339172
MIMAT0004595	hsa-miR-135a-3p	0.0290106991863572	6.94956174906454	0.266089971799309	0.790204849180076	0.887070299990111	-7.36603296708208
MIMAT0000770	hsa-miR-133b	-0.0285304615909077	6.50817489167488	-0.265326216425461	0.790792994987703	0.887070299990111	-7.3662352815254
MIMAT0000450	hsa-miR-149-5p	0.0601456324153506	7.68987119339658	0.262017756073268	0.793342117349647	0.887070299990111	-7.36710495865438
MIMAT0004602	hsa-miR-125a-3p	-0.036645082691364	7.2587906258559	-0.251146241961501	0.801733903561688	0.89268690942793	-7.36988585856667
MIMAT0000269	hsa-miR-212-3p	-0.0148730661775387	6.48241034204348	-0.246065667479246	0.805663557039611	0.893308964918397	-7.37114505827473
MIMAT0000066	hsa-let-7e-5p	-0.0605682907755121	11.8773025483184	-0.231168508496533	0.817214009082625	0.898681396257797	-7.37468891859565
MIMAT0001639	hsa-miR-409-3p	0.0223087587510946	6.92754128153298	0.231068892284213	0.817291383011808	0.898681396257797	-7.37471187150321
MIMAT0000415	hsa-let-7i-5p	-0.0345545912621859	12.9234947809166	-0.222003517519483	0.824340012048715	0.902686376830205	-7.37675924253794
MIMAT0000266	hsa-miR-205-5p	0.0916574823748739	9.93630069048926	0.211951358887943	0.832172487358477	0.9052012842388	-7.37893368668951
MIMAT0000757	hsa-miR-151-3p	-0.0340999160016393	9.26215305974475	-0.210290343804934	0.833468352280253	0.9052012842388	-7.3792832933954
MIMAT0000756	hsa-miR-326	0.0145309710735972	6.56033628545953	0.198905966493041	0.84236205104468	0.908468382169993	-7.38160542477903
MIMAT0004954	hsa-miR-543	-0.00820905223150969	6.29601619740419	-0.197664801171697	0.843332913259691	0.908468382169993	-7.38185078086992
MIMAT0000231	hsa-miR-199a-5p	-0.0400971674170174	8.62160002228369	-0.180470980157155	0.856806121334908	0.919245433820853	-7.38509169600838
MIMAT0000417	hsa-miR-15b-5p	-0.0224260768534972	12.6383355351014	-0.14503373208991	0.884702850978861	0.94504654651559	-7.39084168820499
MIMAT0002176	hsa-miR-485-3p	0.0050282573721212	6.27409966786414	0.140874528877328	0.887987132386347	0.94504654651559	-7.39143446145368
MIMAT0000681	hsa-miR-29c-3p	0.0274559861205157	12.7227283710769	0.129361284661714	0.897088347014613	0.95091364783549	-7.3929853942163
MIMAT0000062	hsa-let-7a-5p	0.0355232746892504	13.3802757394011	0.120364594265461	0.904209734643868	0.954643743747509	-7.39410534623886
MIMAT0000686	hsa-miR-34c-5p	0.0158784627793693	7.1890411147208	0.10016113452576	0.920229186140573	0.967701326695444	-7.39632629753801
MIMAT0000232	hsa-miR-199a-3p	-0.0309965522496416	12.5696546883844	-0.0917386416376681	0.926917396038788	0.969226619555159	-7.39713199127303
MIMAT0004610	hsa-miR-150-3p	0.00967419248849311	7.21080010027664	0.0891241982436737	0.928994571196266	0.969226619555159	-7.39736770438668
MIMAT0000068	hsa-miR-15a-5p	-0.0161766380330608	11.6985415234337	-0.0814114442146546	0.935125122633575	0.971796696070186	-7.39802336643573
MIMAT0004776	hsa-miR-505-5p	-0.00627800766349118	6.69681159843376	-0.0740600494732997	0.94097203616967	0.972307327035708	-7.39859310584261
MIMAT0000438	hsa-miR-152-3p	-0.00990788893420724	7.96362403296252	-0.0651746835722115	0.948043213459206	0.972307327035708	-7.39920981298544
MIMAT0000692	hsa-miR-30e-5p	-0.00905327092640729	8.51052583524318	-0.0621044840578105	0.950487529430953	0.972307327035708	-7.39940460907135
MIMAT0003240	hsa-miR-575	-0.0127896227965492	7.76776308959641	-0.0608158344493088	0.951513618296236	0.972307327035708	-7.39948357048231
MIMAT0003266	hsa-miR-598-3p	-0.00576279233511379	6.5634363441562	-0.0577414711190798	0.953961905770884	0.972307327035708	-7.39966526422123
MIMAT0004594	hsa-miR-132-5p	-0.00420737517831338	6.72786935060843	-0.0482286605606251	0.961540141755487	0.972807706105711	-7.40016777914312
MIMAT0000279	hsa-miR-222-3p	-0.0111279575635477	8.02916997750163	-0.0466239452962198	0.962818875507782	0.972807706105711	-7.40024365507735
MIMAT0000761	hsa-miR-324-5p	0.00497581071646191	8.19673493527751	0.0415473958819925	0.966864790645675	0.972807706105711	-7.40046678250042
MIMAT0000763	hsa-miR-338-3p	-0.0110570100629337	8.62724536086884	-0.0386971886385155	0.969136733629841	0.972807706105711	-7.40058079412923
MIMAT0002814	hsa-miR-432-5p	0.0016693204842273	6.57365463747708	0.0228322666173832	0.98178697046062	0.98178697046062	-7.40106740091145
