	name	logFC	AveExpr	t	P.Value	adj.P.Val	B
MIMAT0005893	hsa-miR-1305	-0.535017171641267	6.61596807438205	-10.252745780214	8.5213534329433e-24	2.26668001316292e-21	43.1478111150954
MIMAT0005942	hsa-miR-1288	-0.295552871388647	6.29757442829253	-10.0112316762145	8.44950672009701e-23	1.1237843937729e-20	40.8872326075517
MIMAT0000072	hsa-miR-18a	1.06909711716557	7.45140591401652	7.44107427052256	1.78073629510636e-13	1.57891951499431e-11	19.8000330436476
MIMAT0000681	hsa-miR-29c	-1.19919944059755	13.0393530337512	-6.77727841307092	1.83167909705414e-11	1.21806659954101e-09	15.2760356716006
MIMAT0001412	hsa-miR-18b	0.818046338251679	7.27921257068748	6.38900327437289	2.30032977058182e-10	1.22377543794953e-08	12.8126228735776
MIMAT0000080	hsa-miR-24	0.675929878408974	12.105776213781	5.85709606982467	5.92246411232366e-09	2.62562575646349e-07	9.66043158667655
MIMAT0000417	hsa-miR-15b	0.755820007736896	12.8876203000871	5.41724047459249	7.17068165692823e-08	2.72485902963273e-06	7.25048643005714
MIMAT0004673	hsa-miR-29c*	-0.86581008492166	8.82467773982981	-5.36559103079884	9.50050430542575e-08	3.15891768155406e-06	6.97928911960871
MIMAT0005938	hsa-miR-1274b	-0.808076677643829	12.1719476180422	-5.28413452115377	1.47336109768842e-07	4.35460057761244e-06	6.55664093262008
MIMAT0000093	hsa-miR-93	0.647425471780482	10.6020256304016	5.08476272485213	4.20408123692439e-07	1.11828560902189e-05	5.54836120619144
MIMAT0000070	hsa-miR-17	0.843035918345421	9.04023643870974	4.97926573603209	7.21543775915789e-07	1.74482403994182e-05	5.02992165063475
MIMAT0000728	hsa-miR-375	-1.70779554317528	9.39727855797665	-4.36428803654451	1.37357847440505e-05	0.000304476561826453	2.21703997679495
MIMAT0000250	hsa-miR-139-5p	-0.466279420558993	6.91398843011334	-4.28658157830698	1.94461948387519e-05	0.000370520939331201	1.88718019472145
MIMAT0000092	hsa-miR-92a	0.752693618208019	8.92249333348097	4.28594624457793	1.95011020700632e-05	0.000370520939331201	1.88450698817002
MIMAT0003326	hsa-miR-663	0.877340630945185	8.12790085093705	4.26678345959353	2.1228405136925e-05	0.000376450384428136	1.80405952136655
MIMAT0000073	hsa-miR-19a	0.708844825385274	9.55705997532388	3.74200274847888	0.000190299449142608	0.00316372834199586	-0.262264476001912
MIMAT0000442	hsa-miR-9*	0.788320032887444	6.92532975017834	3.67931524160947	0.000243156805180012	0.00368808654973092	-0.49138812550732
MIMAT0005954	hsa-miR-720	-0.667310457862007	14.7958438181295	-3.6726028339624	0.000249569766523145	0.00368808654973092	-0.515697293396934
MIMAT0000281	hsa-miR-224	0.919191139687843	7.30884325661238	3.49645684406538	0.000486926174411676	0.00668209268736582	-1.13805263101028
MIMAT0000759	hsa-miR-148b	-0.453956040435345	9.33468232557499	-3.48801733856733	0.000502412984012467	0.00668209268736582	-1.16711748355537
MIMAT0000449	hsa-miR-146a	0.793517670659171	9.39717356527705	3.47024692253329	0.00053653740128601	0.00679614041628946	-1.22809159636032
MIMAT0004694	hsa-miR-342-5p	-0.670053609243761	9.08578630529948	-3.33571038405173	0.000874168166947699	0.0105694878367313	-1.67978609249448
MIMAT0000099	hsa-miR-101	-0.55364047197697	9.0218396216369	-3.20801343018532	0.00136826134459401	0.0158242398983482	-2.09226773409925
MIMAT0000680	hsa-miR-106b	0.420172431936151	12.0329615937146	3.18886817408278	0.00146144996706594	0.0161977371349808	-2.15274385736897
MIMAT0004776	hsa-miR-505*	0.263151135437858	6.76152577198774	3.161978777997	0.00160224279734052	0.0168050865427591	-2.23708018806572
MIMAT0000243	hsa-miR-148a	-0.797993794665531	10.5312657984815	-3.15467245766633	0.00164260244402909	0.0168050865427591	-2.2598743062526
MIMAT0004951	hsa-miR-887	-0.369200633802827	6.77188976532808	-3.10927941711019	0.0019150654937305	0.0188669415308264	-2.40032648585284
MIMAT0007890	hsa-miR-1914*	-0.22197039087538	6.8738606482743	-3.06627128741746	0.0022109617803507	0.0206728915581573	-2.53154836778575
MIMAT0000705	hsa-miR-362-5p	0.391877961563024	8.05445162096339	3.06048693521112	0.00225381148566376	0.0206728915581573	-2.54905950409701
MIMAT0005911	hsa-miR-1260	-0.478863574919507	10.7324391077942	-3.00763200284475	0.00268212793430966	0.0231003175843601	-2.70755840794447
MIMAT0000267	hsa-miR-210	0.832611278251401	9.87736350577873	3.0064913571813	0.00269214227486903	0.0231003175843601	-2.71094890137575
MIMAT0000437	hsa-miR-145	-0.646843780054876	10.2580164291603	-2.95631744627033	0.00316799371572802	0.0263339477619892	-2.858831930012
MIMAT0000691	hsa-miR-130b	0.445720289265392	9.33069116673244	2.9091409169392	0.00368419314974525	0.0296968296312799	-2.99563975316034
MIMAT0000445	hsa-miR-126	-0.729841068253214	9.45992193090394	-2.89550745685838	0.00384702126292183	0.0297784760518622	-3.03477091782451
MIMAT0000423	hsa-miR-125b	-0.625542092035944	13.1064988342717	-2.8830262584761	0.00400179827016317	0.0297784760518622	-3.07043567459359
MIMAT0003228	hsa-miR-564	-0.103771921026915	6.35035215452142	-2.8807861105967	0.00403016969122947	0.0297784760518622	-3.07682074456438
MIMAT0000685	hsa-miR-34b*	-0.439159074012323	8.42260031913985	-2.86735411673873	0.00420415353014844	0.0302244551086347	-3.11500300293229
MIMAT0000686	hsa-miR-34c-5p	-0.434534892816778	7.28487812776231	-2.82488054214542	0.00480012936716158	0.033053737980643	-3.23457987468726
MIMAT0000275	hsa-miR-218	-0.459471572003984	7.58006987959222	-2.81409356513076	0.00496320377191904	0.033053737980643	-3.26466796211831
MIMAT0000646	hsa-miR-155	0.676666418484186	8.98041766004179	2.81361932857542	0.0049704869143824	0.033053737980643	-3.26598813863557
MIMAT0004784	hsa-miR-455-3p	0.600088608362849	8.65133714586486	2.79318660557806	0.00529362404097773	0.0339188702756921	-3.32265978877926
MIMAT0004614	hsa-miR-193a-5p	-0.426758112547532	8.40770281656061	-2.78939650377562	0.00535561109616191	0.0339188702756921	-3.33312702938483
MIMAT0000081	hsa-miR-25	0.374092550192864	8.8487760539379	2.77222355648023	0.00564477715092738	0.0348580784765224	-3.38037805533106
MIMAT0003239	hsa-miR-574-3p	-0.406463855052619	7.94395535122137	-2.76525995619448	0.00576599794348491	0.0348580784765224	-3.3994560688053
MIMAT0000730	hsa-miR-377	-0.502933855048696	8.1487014875307	-2.75179978111855	0.00600699168820041	0.0354766772421681	-3.43619813679679
MIMAT0004557	hsa-miR-34a*	-0.182379729450281	6.62778042865753	-2.74484360622423	0.00613506448548772	0.0354766772421681	-3.45511684740568
MIMAT0000075	hsa-miR-20a	0.700861370641151	11.50217508876	2.73067561434623	0.0064035579945368	0.0357147326162648	-3.49350311664826
MIMAT0004603	hsa-miR-125b-2*	-0.289802095962815	7.07593847346222	-2.72854880102834	0.00644476378037862	0.0357147326162648	-3.49924847483225
MIMAT0000254	hsa-miR-10b	-0.785777335342815	10.1220998256795	-2.70219929547782	0.00697544597069593	0.0378667066980636	-3.57006164871026
MIMAT0001627	hsa-miR-433	-0.0577186613553193	6.24473593906616	-2.69284473770148	0.00717309750746374	0.0379453624836635	-3.59503815235076
MIMAT0000729	hsa-miR-376a	-0.479208172511392	8.1577699570218	-2.68810098337179	0.00727523867167985	0.0379453624836635	-3.60767115360609
MIMAT0000263	hsa-miR-199b-5p	-0.716819846144658	8.59660498842729	-2.67968086206005	0.00745976063910745	0.0381595448077419	-3.63004035288464
MIMAT0004601	hsa-miR-145*	-0.302006800878679	7.20550701363067	-2.65749076973431	0.00796633382577233	0.03985104353989	-3.6886587726094
MIMAT0000438	hsa-miR-152	-0.41114725017786	8.08612986898415	-2.65226368218139	0.00809006147050399	0.03985104353989	-3.70239671849905
MIMAT0000720	hsa-miR-376c	-0.48658570716833	8.29822626537767	-2.63103672361494	0.00861039855841077	0.041244957531903	-3.75791083187467
MIMAT0000435	hsa-miR-143	-0.509022997160593	8.59798720169983	-2.62816096477096	0.00868314895408485	0.041244957531903	-3.76539774820175
MIMAT0005949	hsa-miR-664	-0.145300288657371	6.61750516550978	-2.61720152246257	0.00896546669033543	0.0418388445548987	-3.79385590607771
MIMAT0000452	hsa-miR-154	-0.233571035142687	6.90643359399887	-2.58291563822537	0.00990242281824757	0.0454145598216182	-3.88212519705386
MIMAT0000736	hsa-miR-381	-0.337209433852375	7.31832500015925	-2.55425632654741	0.0107516126111479	0.0479007786475648	-3.95502459478834
MIMAT0004814	hsa-miR-654-3p	-0.291154907564331	7.03311715508387	-2.55253286623927	0.0108046869129845	0.0479007786475648	-3.95938280995976
MIMAT0000436	hsa-miR-144	-0.66848309999882	7.69038560513332	-2.53757128729424	0.0112753178396662	0.0491677794319872	-3.99709461884329
MIMAT0002876	hsa-miR-505	0.232174907442703	7.26412847909334	2.51635490117044	0.0119739331904833	0.0511572963233071	-4.05019570372787
MIMAT0000082	hsa-miR-26a	-0.413496393165366	10.9656831471212	-2.5121695099181	0.0121162017607833	0.0511572963233071	-4.06061889180311
MIMAT0003237	hsa-miR-572	-0.361548974792469	7.49901688138355	-2.49099616622803	0.0128591502487544	0.0534458432213855	-4.11308500992216
MIMAT0000461	hsa-miR-195	-0.694642709024214	10.5001226122382	-2.46535326125175	0.0138127563102979	0.0565260489006037	-4.17603731584899
MIMAT0000420	hsa-miR-30b	-0.449287076222727	9.63626091962465	-2.44455122641956	0.0146317262832116	0.0589702907777921	-4.2266312735154
MIMAT0003308	hsa-miR-638	-0.557380016560549	10.0187563983726	-2.38937033784745	0.0170152587428699	0.0675531168000505	-4.35878155382315
MIMAT0000737	hsa-miR-382	-0.201113910185835	6.77907204052414	-2.32513311722709	0.020213979154754	0.0790723302230083	-4.50885200108462
MIMAT0000459	hsa-miR-193a-3p	-0.325437057003554	8.10366219402621	-2.27122315448019	0.023291960205293	0.0897921944146079	-4.63166513213607
MIMAT0003879	hsa-miR-758	-0.186116495841119	6.66844267622382	-2.23163483501888	0.025804403131398	0.0980567318993125	-4.72003144871126
MIMAT0002814	hsa-miR-432	-0.151058881353127	6.61372690285779	-2.21717320646142	0.0267790199014549	0.0997221359132329	-4.75192712373455
MIMAT0000231	hsa-miR-199a-5p	-0.47537874965371	8.71913621645981	-2.21406703775822	0.0269924578411758	0.0997221359132329	-4.75875104455401
MIMAT0000761	hsa-miR-324-5p	0.274779059743783	8.34633377502605	2.20429942649148	0.0276732393610605	0.100569384881376	-4.78014755800479
MIMAT0000100	hsa-miR-29b	-0.532040504223279	9.52299598677184	-2.19999463790286	0.0279779491775256	0.100569384881376	-4.78954762954796
MIMAT0000415	hsa-let-7i	0.329115215122192	13.1517748083683	2.18787227887465	0.0288516219889485	0.101180968385529	-4.81592037601118
MIMAT0001638	hsa-miR-409-5p	-0.130855189113064	6.49093908906363	-2.18708935244493	0.0289088481101512	0.101180968385529	-4.81761869470882
MIMAT0004695	hsa-miR-337-5p	-0.219736487889236	6.90647617376736	-2.17530079407954	0.0297824017842551	0.102469397569142	-4.84311739950736
MIMAT0002820	hsa-miR-497	-0.367358673032501	9.14199243797994	-2.17004001543439	0.0301795095481574	0.102469397569142	-4.85445233069031
MIMAT0000450	hsa-miR-149	-0.488282160955256	7.84376987151383	-2.16671759964469	0.030432640631437	0.102469397569142	-4.86159680394884
MIMAT0000084	hsa-miR-27a	0.343754891039458	13.3385305927263	2.16077252500255	0.030890147290523	0.102709739740989	-4.8743538762131
MIMAT0004911	hsa-miR-874	-0.171655575154484	7.37411785321337	-2.13457411098292	0.0329773425764769	0.108295964510406	-4.93015633694215
MIMAT0000065	hsa-let-7d	0.471886138251	9.88859248787746	2.11931611900314	0.0342477550246695	0.111096376055635	-4.96234424023228
MIMAT0003150	hsa-miR-455-5p	0.243321391713248	6.99736413641923	2.10426169672907	0.0355420244376417	0.113372514262913	-4.99387791219614
MIMAT0000710	hsa-miR-365	-0.411738451252324	9.5464761515344	-2.09979709964635	0.0359337998642513	0.113372514262913	-5.00318672755223
MIMAT0004606	hsa-miR-136*	-0.176501426544989	6.7402146487628	-2.09647102519318	0.0362280590689759	0.113372514262913	-5.01010892352226
MIMAT0004767	hsa-miR-193b*	-0.149999357813231	6.81545285463846	-2.07560021827032	0.0381218310790113	0.117911710081593	-5.05329622862765
MIMAT0001631	hsa-miR-451	-0.921204357543047	11.9419992465271	-2.07003027420107	0.0386412578248351	0.117966555490565	-5.06474936721021
MIMAT0004595	hsa-miR-135a*	0.208065170268454	7.02411130319148	2.06593990824523	0.0390265296359764	0.117966555490565	-5.07314066574655
MIMAT0001413	hsa-miR-20b	0.471741212985816	9.4028256075946	2.0609119155952	0.0395045874081546	0.118069890455833	-5.08343289030328
MIMAT0002888	hsa-miR-532-5p	0.256114718668516	8.14997393524434	2.05122986843556	0.0404391757053496	0.118865186994844	-5.10318169806469
MIMAT0000104	hsa-miR-107	0.310676517111578	10.2169794343849	2.04892499134579	0.0406644060771836	0.118865186994844	-5.10786941807162
MIMAT0005939	hsa-miR-1281	-0.083767328244539	6.45103264599343	-2.03615651094748	0.0419315015548648	0.120832224255052	-5.13374342012751
MIMAT0000074	hsa-miR-19b	0.317235078005813	10.440626955416	2.03303949934592	0.042245852841052	0.120832224255052	-5.14003531213649
MIMAT0004774	hsa-miR-501-3p	0.135196899840651	6.75151145074928	2.01296515985783	0.0443185372084221	0.125322040056506	-5.18032715869641
MIMAT0000760	hsa-miR-331-3p	-0.267572053226327	9.94439368728422	-2.00881238762899	0.0447578714487523	0.125322040056506	-5.18861271431851
MIMAT0000687	hsa-miR-299-3p	-0.121701645088204	6.5339871333555	-1.96000220203574	0.0502030972405402	0.139104415270664	-5.28472325735662
MIMAT0005901	hsa-miR-1249	0.228745231204976	7.19528997522011	1.93214244297814	0.0535530935121243	0.146856936847681	-5.33852735084704
MIMAT0000083	hsa-miR-26b	-0.68937933036418	10.1802619015713	-1.92072412031245	0.0549790861776359	0.14922894819644	-5.36035767112471
MIMAT0000682	hsa-miR-200a	-0.562189304963122	10.9512351352541	-1.91325138722326	0.0559293803188226	0.150274900654614	-5.37457488410984
MIMAT0000753	hsa-miR-342-3p	-0.480836107134081	10.5843685375917	-1.90415325627219	0.057104822801254	0.150720115953105	-5.39181008596545
MIMAT0000733	hsa-miR-379	-0.258667249867448	7.34982548576026	-1.90320648835005	0.0572283147039983	0.150720115953105	-5.39359891851687
MIMAT0001639	hsa-miR-409-3p	-0.176137981185343	6.99087960486872	-1.89064196567778	0.0588883327483453	0.153571534422155	-5.41725466019991
MIMAT0003163	hsa-miR-539	-0.118039965521576	6.5670598982749	-1.87586947896287	0.060891058020796	0.157252635277007	-5.44486808862268
MIMAT0004689	hsa-miR-377*	-0.07788758145555	6.3461841781366	-1.86028592271694	0.0630646392687892	0.159421027486196	-5.47376407293713
MIMAT0004610	hsa-miR-150*	0.19336003181852	7.2782714511278	1.85984978123358	0.0631263837638449	0.159421027486196	-5.47456934367919
MIMAT0000094	hsa-miR-95	-0.288004519990902	7.06879298200959	-1.85701671029663	0.0635286801260781	0.159421027486196	-5.47979561716975
MIMAT0002809	hsa-miR-146b-5p	0.432512221087692	9.51151444133451	1.84023266342167	0.0659557294032534	0.163964710479116	-5.51059521033511
MIMAT0002819	hsa-miR-193b	-0.322021653058042	10.550969472606	-1.83182543513197	0.0671999156510724	0.165162353580333	-5.52591832608174
MIMAT0001343_MIMAT0003393	hsa-miR-425	-0.326218965095292	10.0932889547208	-1.82493960813419	0.0682332988809953	0.165162353580333	-5.53841651248307
MIMAT0000265	hsa-miR-204	-0.187305444244465	6.56039593940158	-1.82449664533074	0.068300221405401	0.165162353580333	-5.53921891307893
MIMAT0004600	hsa-miR-144*	-0.25851022397791	6.59532349787693	-1.81767781172545	0.0693372401287533	0.166159512380616	-5.55154636592733
MIMAT0003233	hsa-miR-551b	-0.340632070959995	7.7504669509238	-1.78071431168505	0.0751862586720737	0.178567364346175	-5.61757157984959
MIMAT0000763	hsa-miR-338-3p	-0.515290490364285	8.81317161976935	-1.77542833882204	0.0760547457347606	0.179031525357932	-5.62690320083082
MIMAT0000757	hsa-miR-151-3p	0.286449869237743	9.47273334661121	1.75729790033346	0.0790960173819789	0.184557373891284	-5.65870010113905
MIMAT0003180	hsa-miR-487b	-0.170580477325575	6.88110357532765	-1.75303041633179	0.0798260751176966	0.18464118244615	-5.66613712228156
MIMAT0002175	hsa-miR-485-5p	-0.0635673018600782	6.32605041877972	-1.7324210584985	0.0834293540413906	0.190192500530521	-5.70180005306516
MIMAT0004955	hsa-miR-374b	-0.237737178055009	7.54956523592563	-1.72916208673398	0.0840110375315472	0.190192500530521	-5.70740101273659
MIMAT0004682	hsa-miR-361-3p	-0.208563573830188	8.43673593373022	-1.72174094138299	0.0853478808339647	0.190192500530521	-5.72011602514148
MIMAT0001618	hsa-miR-191*	0.0743281465322028	6.47796316860379	1.72007307252779	0.0856506875868095	0.190192500530521	-5.72296617374115
MIMAT0004599	hsa-miR-143*	-0.107460073639469	6.67403639881198	-1.71924621525354	0.0858011280588817	0.190192500530521	-5.72437813458256
MIMAT0002171	hsa-miR-410	-0.156726293592412	6.81356721052664	-1.70947512196995	0.0875951438082853	0.192564531016561	-5.74101229483577
MIMAT0000447	hsa-miR-134	0.180888345023485	7.20023367077863	1.69097208742074	0.0910753228772218	0.197098161232052	-5.77225295835753
MIMAT0000446	hsa-miR-127-3p	-0.304505614484751	8.06712642041624	-1.68876547282104	0.0914976856347106	0.197098161232052	-5.77595603066949
MIMAT0003340	hsa-miR-542-5p	-0.244843619752838	7.5082917306537	-1.68677334795494	0.0918803458374981	0.197098161232052	-5.77929501747789
MIMAT0004493	hsa-miR-20a*	0.21415218440304	7.18403800742869	1.67599619031749	0.0939728642512561	0.199974255126673	-5.79729049541917
MIMAT0006764	hsa-miR-320d	0.257090933156539	11.3300243856798	1.60547584155128	0.108625399894652	0.229320288666487	-5.91220870454444
MIMAT0000222	hsa-miR-192	-0.334124787115643	8.24147971745256	-1.59444020389184	0.111073944814338	0.231616655823717	-5.92974691202564
MIMAT0000687_MIMAT0002890	hsa-miR-299-5p	-0.193353233796676	6.89952607985826	-1.59274176465555	0.111454631373819	0.231616655823717	-5.93243542850414
MIMAT0000460	hsa-miR-194	-0.181776508420485	7.38479692353754	-1.58488731315134	0.113228543086753	0.233479011326173	-5.94483137936086
MIMAT0000097	hsa-miR-99a	-0.425655272652245	10.8898574639844	-1.57547997175153	0.115382397259616	0.234656636086487	-5.95959776357676
MIMAT0002871	hsa-miR-500a*	0.123027580237257	7.26084231500265	1.57469320686097	0.115563982433571	0.234656636086487	-5.96082875309713
MIMAT0000765	hsa-miR-335	-0.281712263552901	7.28605394177559	-1.57012261007383	0.116623327974567	0.23501367606996	-5.96796789194545
MIMAT0004748	hsa-miR-423-5p	-0.14169567849486	7.53722833155203	-1.56545302131204	0.11771348814275	0.235426976285499	-5.97524030188256
MIMAT0003294	hsa-miR-625	-0.297032412763782	7.70981624994468	-1.53907462371801	0.124022824156168	0.246194561384632	-6.01591666564268
MIMAT0000244	hsa-miR-30c	-0.265940693793858	10.0878566470866	-1.51625552623514	0.129691260482772	0.25553981695124	-6.05054882091126
MIMAT0004780	hsa-miR-532-3p	0.120645038222227	7.0433490578227	1.51224545759297	0.130707875801106	0.255649227669811	-6.05658157732126
MIMAT0000693	hsa-miR-30e*	-0.238165960699645	8.52895611572961	-1.50257795682879	0.13318417873478	0.258591179149281	-6.0710599280833
MIMAT0002177	hsa-miR-486-5p	-0.297071786050686	7.23198935840113	-1.48821098018442	0.136931197947808	0.263939845319688	-6.0924054075394
MIMAT0000266	hsa-miR-205	-0.620193987670008	9.99228422755015	-1.47726738251937	0.139839605616551	0.267606727294983	-6.10852751992003
MIMAT0004550	hsa-miR-30c-2*	-0.210808313240054	7.29832245815206	-1.45108393749088	0.146991189176833	0.279283259435983	-6.14661961283158
MIMAT0003389	hsa-miR-542-3p	-0.20764483319676	7.2902874393897	-1.4244533864193	0.154548750777225	0.291560054657744	-6.18466561544123
MIMAT0004795	hsa-miR-574-5p	-0.28773656001879	8.92153185965508	-1.41844165927934	0.156295027984668	0.292778010168463	-6.19315713159176
MIMAT0000064	hsa-let-7c	-0.228379809839705	13.7236734934904	-1.41169219994047	0.158273410066411	0.294410678864793	-6.20264802334557
MIMAT0004552	hsa-miR-139-3p	-0.0862327613668201	6.66065558065538	-1.39993001867526	0.161766390034562	0.298818470480511	-6.21907979551089
MIMAT0000078	hsa-miR-23a	0.233594942322402	13.5172450164454	1.39289456611422	0.163883355090747	0.300641189338887	-6.22884280855486
MIMAT0000253	hsa-miR-10a	-0.470950289755715	8.86232304570021	-1.38194688327494	0.167218975510693	0.304659229355099	-6.2439372384459
MIMAT0004571	hsa-miR-200b*	-0.20620133549044	7.53225024055187	-1.34266850439705	0.179607363407446	0.325003800451569	-6.29711591357986
MIMAT0000088	hsa-miR-30a*	-0.339057961034018	9.32314484111859	-1.30255994091595	0.192949476386295	0.346787572424016	-6.34984057762279
MIMAT0004674	hsa-miR-30c-1*	-0.0602154531754469	6.64024669361214	-1.29419377312013	0.195822109634662	0.347897948131691	-6.36063729468226
MIMAT0000416	hsa-miR-1	-0.179356536219846	6.65446276752192	-1.29314895742123	0.196183053457721	0.347897948131691	-6.36198077721767
MIMAT0005927	hsa-miR-1274a	-0.200041673507329	9.19264660509002	-1.25974556636968	0.207981129555491	0.366377354051395	-6.40436226148157
MIMAT0003330	hsa-miR-654-5p	-0.0346766915574781	6.32132718308172	-1.20026972103933	0.230247341137556	0.401626602043797	-6.4770847880649
MIMAT0005792	hsa-miR-320b	0.212226101830112	10.7106539681857	1.19830497047176	0.231010789897372	0.401626602043797	-6.47942726783575
MIMAT0000258	hsa-miR-181c	-0.197712180029086	7.89699616980322	-1.19408885227644	0.232655132824148	0.401662060336017	-6.48444102210425
MIMAT0000098	hsa-miR-100	-0.269841150738374	10.2443427703977	-1.18842597717523	0.234876788090431	0.401662060336017	-6.49114749292046
MIMAT0000731_MIMAT0000732	hsa-miR-378	0.108046208834864	6.87952390670881	1.1866890853293	0.235561208317363	0.401662060336017	-6.49319809668012
MIMAT0005793	hsa-miR-320c	0.175801150591594	10.8629951141408	1.17762919469784	0.239154153874038	0.403130455512758	-6.50384583535854
MIMAT0004589	hsa-miR-30b*	-0.0935358054404967	6.97084269495256	-1.17650022615634	0.239604574267187	0.403130455512758	-6.50516696243857
MIMAT0000770	hsa-miR-133b	-0.120743882926859	6.54189857959554	-1.17308954666948	0.240968956490709	0.403130455512758	-6.50915048346055
MIMAT0004605	hsa-miR-129-3p	-0.0669502705487757	6.46919515894037	-1.156025512814	0.247877358999719	0.412096109337033	-6.5289071925117
MIMAT0000269	hsa-miR-212	0.0638970814567514	6.53585405884525	1.14558928353608	0.252170249030123	0.416629107093246	-6.54084786036062
MIMAT0002176	hsa-miR-485-3p	-0.0369717712536781	6.31538363188309	-1.09548108597721	0.273503324394876	0.449085705487884	-6.59667416646933
MIMAT0002805	hsa-miR-489	-0.145274268059411	6.62090335367672	-1.08232876395235	0.279301734022888	0.455793013804221	-6.61091449528669
MIMAT0002173	hsa-miR-483-3p	-0.0751263283849051	6.39625003129998	-1.07519789444176	0.282480229311047	0.458169152419137	-6.618563474378
MIMAT0000252	hsa-miR-7	0.30247238243394	8.03500665408306	1.03323131070073	0.301682616223869	0.486348944942722	-6.66255655881039
MIMAT0000085	hsa-miR-28-5p	0.171965382182648	8.17223960359992	1.02029921509882	0.30777125332987	0.493175622805695	-6.67576071410171
MIMAT0005865	hsa-miR-1202	0.33881561609425	11.3493522654879	1.00720357615595	0.314019295747228	0.50017444711834	-6.68896264266148
MIMAT0002816	hsa-miR-494	-0.364927213556565	10.2815385601509	-0.995617831590838	0.319616114061692	0.503099495790512	-6.70050045637615
MIMAT0000617	hsa-miR-200c	0.22806877739509	9.22190706392988	0.995571962498553	0.319638401460889	0.503099495790512	-6.70054587081521
MIMAT0000433	hsa-miR-142-5p	0.241055600412399	8.54320680982189	0.980546741495074	0.326993795813597	0.511649115802452	-6.71530973062427
MIMAT0000443	hsa-miR-125a-5p	-0.177808566124214	9.6550575834668	-0.973003612947944	0.330727597612912	0.514465151842307	-6.72263712198737
MIMAT0000227	hsa-miR-197	0.154293898575668	7.87454302870577	0.958715200482723	0.337875661279291	0.522528638955182	-6.73636198664156
MIMAT0003885	hsa-miR-454	-0.187165070333523	7.53471933370471	-0.949884910471567	0.342342492649315	0.52637631817756	-6.74474262987786
MIMAT0005796	hsa-miR-1271	-0.0674368992372552	6.80336163773183	-0.930355115203223	0.35235528657066	0.53865808176894	-6.76300289897661
MIMAT0000255	hsa-miR-34a	-0.133328237271384	12.9568434925094	-0.916229773051275	0.359711706641373	0.546761794094888	-6.77597393597932
MIMAT0003888	hsa-miR-766	0.0511293765866192	6.94277049074231	0.906582200073492	0.364791218560867	0.551332182597675	-6.78471921198892
MIMAT0000279	hsa-miR-222	0.216882863951176	8.12300310393357	0.897149922621427	0.369800521311565	0.555718932649601	-6.79317994192242
MIMAT0000707	hsa-miR-363	-0.249911067987616	7.95803591891584	-0.892015758048246	0.372545078301621	0.555718932649601	-6.79774812866212
MIMAT0000727	hsa-miR-374a	-0.199019936355122	8.11029793257284	-0.889375768851452	0.373961236632626	0.555718932649601	-6.80008689752958
MIMAT0003221	hsa-miR-557	0.0615450974555438	6.65056187023893	0.846365043642411	0.397500668574274	0.587417654670871	-6.8372147963841
MIMAT0002817	hsa-miR-495	-0.0588722902603802	6.5451523751435	-0.842218891521537	0.399816146192989	0.587575109874779	-6.84069672571393
MIMAT0000101	hsa-miR-103	0.110825226155447	12.7340265366448	0.837021095463397	0.402730372318561	0.588605928773282	-6.84503769425565
MIMAT0002874	hsa-miR-503	0.111247238777935	7.21820971872286	0.818139158285665	0.413423590800356	0.600932651108715	-6.86058115649482
MIMAT0005593	hsa-miR-1238	0.0351619147990894	6.54721593193667	0.800631841677314	0.423487129051585	0.612215088737618	-6.87467650762332
MIMAT0002813	hsa-miR-493*	-0.0706562395240011	6.60008497912142	-0.792822870479092	0.428021763746216	0.615425887332397	-6.88086537397804
MIMAT0000752	hsa-miR-328	-0.0267797794254889	6.3324185562376	-0.786176880131423	0.431903253577047	0.617668093825239	-6.88608480391654
MIMAT0001536	hsa-miR-429	-0.198682126336756	9.75626404336918	-0.766726111906526	0.443379804148585	0.630689988788896	-6.90110823182963
MIMAT0002174	hsa-miR-484	-0.0495494427392789	6.84400097009222	-0.731454981279978	0.464629536764883	0.652881616937521	-6.92739185362142
MIMAT0000425	hsa-miR-130a	0.140677203737621	10.6874998320972	0.730294567014802	0.465338156081273	0.652881616937521	-6.92823556994404
MIMAT0003329	hsa-miR-411	-0.0375018549733044	6.38484664699595	-0.728649093642098	0.466344012098229	0.652881616937521	-6.92942966932476
MIMAT0000756	hsa-miR-326	-0.055206260488637	6.63099135154813	-0.724587961323498	0.468831691859327	0.652927905940215	-6.93236526373347
MIMAT0004762	hsa-miR-486-3p	-0.0404991660929346	6.29021564205401	-0.699680582568611	0.484248582647289	0.670886057209265	-6.9500109728139
MIMAT0005898	hsa-miR-1246	0.22183644713888	10.1454222460779	0.681897381488679	0.495422008868823	0.682809608078274	-6.96223218689073
MIMAT0004761	hsa-miR-483-5p	0.127651267111445	7.72999367888036	0.675189344574743	0.499672284168221	0.685117667983231	-6.96676051160311
MIMAT0000271	hsa-miR-214	-0.146195232453501	10.9652279189335	-0.644575190200144	0.51931314755712	0.704801033211581	-6.98685890408823
MIMAT0004587	hsa-miR-23b*	-0.0391742417861281	6.55032875169836	-0.644553694660686	0.51932707710327	0.704801033211581	-6.98687268867948
MIMAT0000456	hsa-miR-186	0.0735545237814632	8.25920254150225	0.630474407391618	0.528492043000329	0.709063026860764	-6.99580271152021
MIMAT0004982	hsa-miR-939	-0.095094435746593	7.54121051518311	-0.627772119139654	0.530260493047937	0.709063026860764	-6.99749413768235
MIMAT0000457	hsa-miR-188-5p	0.0730839979806612	7.20261967141295	0.627460764693416	0.530464444907113	0.709063026860764	-6.99768855530562
MIMAT0000434	hsa-miR-142-3p	0.20302739366869	12.056272822484	0.620414068070664	0.535091002077457	0.711671032763017	-7.00206291357979
MIMAT0002872	hsa-miR-501-5p	-0.0273035690701713	6.40309463342499	-0.575362858899301	0.565142783577627	0.745497112062516	-7.02886228498816
MIMAT0000431	hsa-miR-140-5p	-0.100976613196431	10.1542142415968	-0.573677930502414	0.566282300707024	0.745497112062516	-7.02982543514215
MIMAT0005929	hsa-miR-1275	0.118076900230067	8.23276729480924	0.56934179647111	0.569219892733484	0.745497112062516	-7.03229110344645
MIMAT0000087	hsa-miR-30a	-0.181956769352043	10.7292413104764	-0.565638328573502	0.571734627296065	0.745497112062516	-7.0343822119402
MIMAT0000095	hsa-miR-96	-0.174944839767649	10.1915656210906	-0.556883829944159	0.577700055161873	0.74960104718565	-7.03927107889804
MIMAT0003258	hsa-miR-590-5p	0.130241489174255	8.81094834263898	0.549471404466405	0.582773793948226	0.752513733933146	-7.04335088851338
MIMAT0004504	hsa-miR-31*	-0.0927841971029935	6.91252832995636	-0.538354248309573	0.590422164009364	0.757484060593994	-7.04936735191815
MIMAT0000232	hsa-miR-199a-3p	-0.17647582178463	12.8571509894966	-0.535608381248312	0.592318363171243	0.757484060593994	-7.05083445088698
MIMAT0000226	hsa-miR-196a	-0.24563520779887	9.34717280747013	-0.531042666845788	0.595477461349159	0.757880405353475	-7.05325728186746
MIMAT0000261	hsa-miR-183	0.140324434239015	9.83843053965925	0.5165656557502	0.605544868684186	0.765022666387835	-7.06080252315594
MIMAT0000692	hsa-miR-30e	-0.0758943934777969	8.64938703191281	-0.510674611178899	0.609663271107648	0.765022666387835	-7.06381319274137
MIMAT0000418	hsa-miR-23b	0.0892389645596587	10.2755440663281	0.510597426690944	0.609717313060981	0.765022666387835	-7.06385240945727
MIMAT0000068	hsa-miR-15a	0.102990817846083	12.0022516694046	0.504675838161833	0.613869743285957	0.766616674713918	-7.0668434474166
MIMAT0003322	hsa-miR-652	-0.0671644791992616	7.60277542714778	-0.488005479401692	0.625626019150785	0.777031566745624	-7.07507646851884
MIMAT0004484	hsa-let-7d*	0.0128649883735124	6.28860197314315	0.484582662955359	0.62805183026432	0.777031566745624	-7.07673269704933
MIMAT0001341	hsa-miR-424	-0.130435244849546	9.06499921879647	-0.465141530318134	0.641905893552759	0.790495220764046	-7.08591877879958
MIMAT0000318	hsa-miR-200b	-0.136747440223163	12.445813322887	-0.454465433985761	0.649567676467029	0.796244248572488	-7.09080339670656
MIMAT0004602	hsa-miR-125a-3p	-0.0666758328185368	7.32495176236841	-0.446172006989406	0.655545286919773	0.799885533581007	-7.09451962777248
MIMAT0004494	hsa-miR-21*	-0.0957058519809246	9.18615427838094	-0.438004023517947	0.661454156258718	0.80130396667724	-7.09811277219684
MIMAT0000451	hsa-miR-150	-0.160670411724369	10.8769017076457	-0.434581853099226	0.663936134546785	0.80130396667724	-7.09959847713318
MIMAT0002821	hsa-miR-181d	-0.0582753492010513	7.4620544211287	-0.432090947987101	0.665745024946128	0.80130396667724	-7.10067255544138
MIMAT0004697	hsa-miR-151-5p	0.0800095234068126	8.86662054110067	0.426877988213967	0.669536963296179	0.802237983048575	-7.10290040833477
MIMAT0003338	hsa-miR-660	0.0775436503950635	8.71998136943971	0.417544680121677	0.676347126879056	0.806763837443178	-7.1068216371323
MIMAT0004568	hsa-miR-221*	-0.0482568793659848	6.86828114378967	-0.40972936309929	0.682070158400309	0.809958313100367	-7.1100384443863
MIMAT0003240	hsa-miR-575	0.0816226200416921	7.8141866522653	0.381816080889712	0.7026584959932	0.830698488596405	-7.12103155171025
MIMAT0000414	hsa-let-7g	-0.0989772092739614	10.9772966485806	-0.368308491506858	0.712701556940269	0.838843425425272	-7.12607294078072
MIMAT0000256	hsa-miR-181a	0.0716287206032016	9.44456029057141	0.355431085775125	0.722322758698641	0.846422263497086	-7.13071010902553
MIMAT0000076	hsa-miR-21	0.0717648050955528	15.532772604056	0.341611486580143	0.732697002278926	0.854813169325414	-7.13550302702925
MIMAT0003886	hsa-miR-769-5p	-0.0360391044693307	7.77661537530124	-0.334211026091987	0.738272766989796	0.85580279660232	-7.13799153500994
MIMAT0000280	hsa-miR-223	0.0933532006871873	10.3323218872331	0.331948952497219	0.73997986172381	0.85580279660232	-7.13874131521468
MIMAT0000096	hsa-miR-98	0.0851449275588045	8.66125845292179	0.323465858554704	0.746393072363379	0.856874245181887	-7.14150774966832
MIMAT0000066	hsa-let-7e	0.0828057980636849	12.0959598577199	0.321882054553102	0.74759239250737	0.856874245181887	-7.1420163144458
MIMAT0000069	hsa-miR-16	-0.103860786304327	13.0299582471508	-0.317683735048539	0.750774483023997	0.856874245181887	-7.14335233226298
MIMAT0001080	hsa-miR-196b	-0.058201514131742	7.84118490597343	-0.313136212526058	0.754226042927002	0.856874245181887	-7.1447796896339
MIMAT0000703	hsa-miR-361-5p	-0.0356327750838323	10.1958665400847	-0.305483212411837	0.760045731584776	0.856874245181887	-7.14713532985168
MIMAT0003299	hsa-miR-630	0.0378113123778379	6.820802634213	0.305051534565697	0.760374408028406	0.856874245181887	-7.14726646667273
MIMAT0000424	hsa-miR-128	-0.0476551572473358	7.96292515692101	-0.301007472121083	0.763455624466569	0.856874245181887	-7.14848598325621
MIMAT0000086	hsa-miR-29a	-0.0405478011457383	13.6881460687235	-0.294702803144992	0.76826669660096	0.857468754145334	-7.15035474244939
MIMAT0004597	hsa-miR-140-3p	0.0422603807605704	9.45334725247513	0.29011650073526	0.771772124373434	0.857468754145334	-7.15168931258116
MIMAT0004514	hsa-miR-29b-1*	-0.0277063043284373	6.95170329349452	-0.287464695185305	0.773801102203024	0.857468754145334	-7.1524514133909
MIMAT0004594	hsa-miR-132*	-0.0222431322206109	6.79813084509802	-0.283445074288756	0.776879585522652	0.857468754145334	-7.15359326823208
MIMAT0000455	hsa-miR-185	-0.0346756738891321	9.2410729244276	-0.278363625655201	0.780776304733071	0.858208665533045	-7.155013748381
MIMAT0000755	hsa-miR-323-3p	0.00799442224961577	6.27814693286403	0.26916566243966	0.787843755463441	0.862413329025824	-7.15751962383278
MIMAT0000077	hsa-miR-22	0.0433199126552797	14.0780935608503	0.261278994441142	0.793917626023974	0.865500362796627	-7.1596012157967
MIMAT0004683	hsa-miR-362-3p	0.0324681888377292	7.53660944088677	0.238918036907103	0.811205774154161	0.876384660223862	-7.16516661065252
MIMAT0004954	hsa-miR-543	-0.00891901157705099	6.33555373718672	-0.235054300266293	0.814202601228342	0.876384660223862	-7.16607783877414
MIMAT0004775	hsa-miR-502-3p	0.0203048380679194	7.40018836601387	0.232983764488342	0.8158096933567	0.876384660223862	-7.16656004295784
MIMAT0000245	hsa-miR-30d	0.0481991063119214	10.3013098301941	0.231347281600967	0.817080435095932	0.876384660223862	-7.1669381428322
MIMAT0000062	hsa-let-7a	-0.0625668616037522	13.5410716630305	-0.217125585126746	0.828143620264862	0.884683546146399	-7.17011177132684
MIMAT0003266	hsa-miR-598	0.0214056492514327	6.63154747239135	0.207543195606908	0.835617284911057	0.886126125782236	-7.1721366283917
MIMAT0000689	hsa-miR-99b	0.0376371594380158	8.3508993901292	0.206852448783477	0.836156607411057	0.886126125782236	-7.17227905954972
MIMAT0000419	hsa-miR-27b	-0.0359305023312357	10.1185992020228	-0.195023527030606	0.845404175928804	0.891487523634139	-7.17464448330845
MIMAT0000688	hsa-miR-301a	0.0437146332902181	9.21366109282571	0.191812035679975	0.847918584509162	0.891487523634139	-7.17526265039813
MIMAT0000510	hsa-miR-320a	-0.0253526781033768	9.32015719013712	-0.162066775581278	0.871277770621505	0.912440499942206	-7.18050042715407
MIMAT0000067	hsa-let-7f	-0.0484835199929243	11.1260355808756	-0.14118848840909	0.887742320231814	0.926037086986912	-7.18365093541684
MIMAT0000426	hsa-miR-132	-0.0114992395325642	7.5440780900559	-0.11676628942994	0.907062803937628	0.942494944716441	-7.18678572080235
MIMAT0005948	hsa-miR-664*	-0.0112353412787503	7.06899456031961	-0.0971195310372194	0.922646034349287	0.953793901052927	-7.18887672105968
MIMAT0000762	hsa-miR-324-3p	-0.0124322042263838	9.06565827104093	-0.0940187333551605	0.925108370194192	0.953793901052927	-7.1891716402549
MIMAT0004945	hsa-miR-744	-0.00696070194746579	6.67369922309879	-0.0833709172294393	0.933569099427097	0.956402658137333	-7.19011151763546
MIMAT0000432	hsa-miR-141	0.0212258067897828	11.4645018263596	0.0787271975967856	0.937261398929805	0.956402658137333	-7.19048608226439
MIMAT0000063	hsa-let-7b	0.0126625995224146	15.655796673252	0.0772639132947154	0.938425164563323	0.956402658137333	-7.19059966479306
MIMAT0000089	hsa-miR-31	0.0090046745382093	7.15958610104556	0.0517998127345504	0.958695946631404	0.973332525969289	-7.1922350350039
MIMAT0003945	hsa-miR-765	-0.00468927555855103	6.82546548053937	-0.0423792993838693	0.966202661321474	0.977223984454418	-7.19267651739489
MIMAT0004558	hsa-miR-181a-2*	-0.00122393280503719	6.82144757378392	-0.0151628043407432	0.987904559507731	0.995388684958547	-7.19345581359229
MIMAT0000257	hsa-miR-181b	0.000708897325626623	8.99101763739321	0.00380976653326753	0.996960822096614	0.997103799037306	-7.19356299592011
MIMAT0000278	hsa-miR-221	0.000633123822561643	8.05856675243203	0.00363053674312693	0.997103799037306	0.997103799037306	-7.19356365948873
